11224 11235
11224 11335
11224 11345
11224 11355
11224 12235
11224 12335
11224 12345
11224 12355
11224 13345
11224 13355
11224 13445
11224 13455
11224 22335
11224 22345
11224 22355
11224 23345
11224 23355
11224 23445
11224 23455
11224 33445
11224 33455
11224 34455
11234 11225
11234 11235
11234 11245
11234 11255
11234 11335
11234 11345
11234 11355
11234 11445
11234 11455
11234 12235
11234 12245
11234 12255
11234 12335
11234 12345
11234 12355
11234 12445
11234 12455
11234 13345
11234 13355
11234 13445
11234 13455
11234 14455
11234 22335
11234 22345
11234 22355
11234 22445
11234 22455
11234 23345
11234 23355
11234 23445
11234 23455
11234 24455
11234 33445
11234 33455
11234 34455
11244 11235
11244 11335
11244 11345
11244 11355
11244 12235
11244 12335
11244 12345
11244 12355
11244 13345
11244 13355
11244 13445
11244 13455
11244 22335
11244 22345
11244 22355
11244 23345
11244 23355
11244 23445
11244 23455
11244 33445
11244 33455
11244 34455
11334 11225
11334 11235
11334 11245
11334 11255
11334 12235
11334 12245
11334 12255
11334 12335
11334 12345
11334 12355
11334 12445
11334 12455
11334 22335
11334 22345
11334 22355
11334 22445
11334 22455
11334 23345
11334 23355
11334 23445
11334 23455
11334 24455
11344 11225
11344 11235
11344 11245
11344 11255
11344 12235
11344 12245
11344 12255
11344 12335
11344 12345
11344 12355
11344 12445
11344 12455
11344 22335
11344 22345
11344 22355
11344 22445
11344 22455
11344 23345
11344 23355
11344 23445
11344 23455
11344 24455
12234 11225
12234 11235
12234 11245
12234 11255
12234 11335
12234 11345
12234 11355
12234 11445
12234 11455
12234 12235
12234 12245
12234 12255
12234 12335
12234 12345
12234 12355
12234 12445
12234 12455
12234 13345
12234 13355
12234 13445
12234 13455
12234 14455
12234 22335
12234 22345
12234 22355
12234 22445
12234 22455
12234 23345
12234 23355
12234 23445
12234 23455
12234 24455
12234 33445
12234 33455
12234 34455
12244 11235
12244 11335
12244 11345
12244 11355
12244 12235
12244 12335
12244 12345
12244 12355
12244 13345
12244 13355
12244 13445
12244 13455
12244 22335
12244 22345
12244 22355
12244 23345
12244 23355
12244 23445
12244 23455
12244 33445
12244 33455
12244 34455
12334 11225
12334 11235
12334 11245
12334 11255
12334 11335
12334 11345
12334 11355
12334 11445
12334 11455
12334 12235
12334 12245
12334 12255
12334 12335
12334 12345
12334 12355
12334 12445
12334 12455
12334 13345
12334 13355
12334 13445
12334 13455
12334 14455
12334 22335
12334 22345
12334 22355
12334 22445
12334 22455
12334 23345
12334 23355
12334 23445
12334 23455
12334 24455
12334 33445
12334 33455
12334 34455
12344 11225
12344 11235
12344 11245
12344 11255
12344 11335
12344 11345
12344 11355
12344 11445
12344 11455
12344 12235
12344 12245
12344 12255
12344 12335
12344 12345
12344 12355
12344 12445
12344 12455
12344 13345
12344 13355
12344 13445
12344 13455
12344 14455
12344 22335
12344 22345
12344 22355
12344 22445
12344 22455
12344 23345
12344 23355
12344 23445
12344 23455
12344 24455
12344 33445
12344 33455
12344 34455
13344 11225
13344 11235
13344 11245
13344 11255
13344 12235
13344 12245
13344 12255
13344 12335
13344 12345
13344 12355
13344 12445
13344 12455
13344 22335
13344 22345
13344 22355
13344 22445
13344 22455
13344 23345
13344 23355
13344 23445
13344 23455
13344 24455
22334 11225
22334 11235
22334 11245
22334 11255
22334 11335
22334 11345
22334 11355
22334 11445
22334 11455
22334 12235
22334 12245
22334 12255
22334 12335
22334 12345
22334 12355
22334 12445
22334 12455
22334 13345
22334 13355
22334 13445
22334 13455
22334 14455
22344 11225
22344 11235
22344 11245
22344 11255
22344 11335
22344 11345
22344 11355
22344 11445
22344 11455
22344 12235
22344 12245
22344 12255
22344 12335
22344 12345
22344 12355
22344 12445
22344 12455
22344 13345
22344 13355
22344 13445
22344 13455
22344 14455
23344 11225
23344 11235
23344 11245
23344 11255
23344 11335
23344 11345
23344 11355
23344 11445
23344 11455
23344 12235
23344 12245
23344 12255
23344 12335
23344 12345
23344 12355
23344 12445
23344 12455
23344 13345
23344 13355
23344 13445
23344 13455
23344 14455
