11224 33445
11224 33455
11224 34455
11234 23345
11234 23355
11234 23445
11234 23455
11234 24455
11234 33445
11234 33455
11234 34455
11244 23345
11244 23355
11244 23445
11244 23455
11244 33445
11244 33455
11244 34455
11334 22335
11334 22345
11334 22355
11334 22445
11334 22455
11334 23345
11334 23355
11334 23445
11334 23455
11334 24455
11344 22335
11344 22345
11344 22355
11344 22445
11344 22455
11344 23345
11344 23355
11344 23445
11344 23455
11344 24455
12234 13345
12234 13355
12234 13445
12234 13455
12234 14455
12234 33445
12234 33455
12234 34455
12244 13345
12244 13355
12244 13445
12244 13455
12244 33445
12244 33455
12244 34455
12334 12335
12334 12345
12334 12355
12334 12445
12334 12455
12334 13345
12334 13355
12334 13445
12334 13455
12334 14455
12334 23345
12334 23355
12334 23445
12334 23455
12334 24455
12334 33445
12334 33455
12334 34455
12344 12335
12344 12345
12344 12355
12344 12445
12344 12455
12344 13345
12344 13355
12344 13445
12344 13455
12344 14455
12344 23345
12344 23355
12344 23445
12344 23455
12344 24455
12344 33445
12344 33455
12344 34455
13344 12235
13344 12245
13344 12255
13344 12335
13344 12345
13344 12355
13344 12445
13344 12455
13344 22335
13344 22345
13344 22355
13344 22445
13344 22455
13344 23345
13344 23355
13344 23445
13344 23455
13344 24455
22334 11335
22334 11345
22334 11355
22334 11445
22334 11455
22334 13345
22334 13355
22334 13445
22334 13455
22334 14455
22344 11335
22344 11345
22344 11355
22344 11445
22344 11455
22344 13345
22344 13355
22344 13445
22344 13455
22344 14455
23344 11235
23344 11245
23344 11255
23344 11335
23344 11345
23344 11355
23344 11445
23344 11455
23344 12335
23344 12345
23344 12355
23344 12445
23344 12455
23344 13345
23344 13355
23344 13445
23344 13455
23344 14455
