12335 24456
12335 24466
12335 24556
12335 24566
12335 44556
12335 44566
12335 45566
12345 23446
12345 23456
12345 23466
12345 23556
12345 23566
12345 24456
12345 24466
12345 24556
12345 24566
12345 25566
12345 34456
12345 34466
12345 34556
12345 34566
12345 35566
12345 44556
12345 44566
12345 45566
12355 23446
12355 23456
12355 23466
12355 24456
12355 24466
12355 24556
12355 24566
12355 34456
12355 34466
12355 34556
12355 34566
12355 44556
12355 44566
12355 45566
12445 23346
12445 23356
12445 23366
12445 23446
12445 23456
12445 23466
12445 23556
12445 23566
12445 33446
12445 33456
12445 33466
12445 33556
12445 33566
12445 34456
12445 34466
12445 34556
12445 34566
12445 35566
12455 23346
12455 23356
12455 23366
12455 23446
12455 23456
12455 23466
12455 23556
12455 23566
12455 33446
12455 33456
12455 33466
12455 33556
12455 33566
12455 34456
12455 34466
12455 34556
12455 34566
12455 35566
13345 22446
13345 22456
13345 22466
13345 22556
13345 22566
13345 24456
13345 24466
13345 24556
13345 24566
13345 25566
13345 44556
13345 44566
13345 45566
13355 22446
13355 22456
13355 22466
13355 24456
13355 24466
13355 24556
13355 24566
13355 44556
13355 44566
13355 45566
13445 22346
13445 22356
13445 22366
13445 22446
13445 22456
13445 22466
13445 22556
13445 22566
13445 23446
13445 23456
13445 23466
13445 23556
13445 23566
13445 24456
13445 24466
13445 24556
13445 24566
13445 25566
13445 34456
13445 34466
13445 34556
13445 34566
13445 35566
13445 44556
13445 44566
13445 45566
13455 22346
13455 22356
13455 22366
13455 22446
13455 22456
13455 22466
13455 22556
13455 22566
13455 23446
13455 23456
13455 23466
13455 23556
13455 23566
13455 24456
13455 24466
13455 24556
13455 24566
13455 25566
13455 34456
13455 34466
13455 34556
13455 34566
13455 35566
13455 44556
13455 44566
13455 45566
14455 22336
14455 22346
14455 22356
14455 22366
14455 23346
14455 23356
14455 23366
14455 23446
14455 23456
14455 23466
14455 23556
14455 23566
14455 33446
14455 33456
14455 33466
14455 33556
14455 33566
14455 34456
14455 34466
14455 34556
14455 34566
14455 35566
22335 14456
22335 14466
22335 14556
22335 14566
22345 13446
22345 13456
22345 13466
22345 13556
22345 13566
22345 14456
22345 14466
22345 14556
22345 14566
22345 15566
22355 13446
22355 13456
22355 13466
22355 14456
22355 14466
22355 14556
22355 14566
22445 13346
22445 13356
22445 13366
22445 13446
22445 13456
22445 13466
22445 13556
22445 13566
22455 13346
22455 13356
22455 13366
22455 13446
22455 13456
22455 13466
22455 13556
22455 13566
23345 12446
23345 12456
23345 12466
23345 12556
23345 12566
23345 14456
23345 14466
23345 14556
23345 14566
23345 15566
23355 12446
23355 12456
23355 12466
23355 14456
23355 14466
23355 14556
23355 14566
23445 12346
23445 12356
23445 12366
23445 12446
23445 12456
23445 12466
23445 12556
23445 12566
23445 13446
23445 13456
23445 13466
23445 13556
23445 13566
23445 14456
23445 14466
23445 14556
23445 14566
23445 15566
23455 12346
23455 12356
23455 12366
23455 12446
23455 12456
23455 12466
23455 12556
23455 12566
23455 13446
23455 13456
23455 13466
23455 13556
23455 13566
23455 14456
23455 14466
23455 14556
23455 14566
23455 15566
24455 12336
24455 12346
24455 12356
24455 12366
24455 13346
24455 13356
24455 13366
24455 13446
24455 13456
24455 13466
24455 13556
24455 13566
33445 12446
33445 12456
33445 12466
33445 12556
33445 12566
33445 14456
33445 14466
33445 14556
33445 14566
33445 15566
33455 12446
33455 12456
33455 12466
33455 12556
33455 12566
33455 14456
33455 14466
33455 14556
33455 14566
33455 15566
34455 12346
34455 12356
34455 12366
34455 12446
34455 12456
34455 12466
34455 12556
34455 12566
34455 13446
34455 13456
34455 13466
34455 13556
34455 13566
34455 14456
34455 14466
34455 14556
34455 14566
34455 15566
