11122 23333
11122 23334
11122 23335
11122 23344
11122 23345
11122 23355
11122 23444
11122 23445
11122 23455
11122 23555
11122 24444
11122 24445
11122 24455
11122 24555
11122 25555
11122 33333
11122 33334
11122 33335
11122 33344
11122 33345
11122 33355
11122 33444
11122 33445
11122 33455
11122 33555
11122 34444
11122 34445
11122 34455
11122 34555
11122 35555
11122 44444
11122 44445
11122 44455
11122 44555
11122 45555
11122 55555
11123 22333
11123 22334
11123 22335
11123 22344
11123 22345
11123 22355
11123 22444
11123 22445
11123 22455
11123 22555
11123 23333
11123 23334
11123 23335
11123 23344
11123 23345
11123 23355
11123 23444
11123 23445
11123 23455
11123 23555
11123 24444
11123 24445
11123 24455
11123 24555
11123 25555
11123 33333
11123 33334
11123 33335
11123 33344
11123 33345
11123 33355
11123 33444
11123 33445
11123 33455
11123 33555
11123 34444
11123 34445
11123 34455
11123 34555
11123 35555
11123 44444
11123 44445
11123 44455
11123 44555
11123 45555
11123 55555
11124 22335
11124 22345
11124 22355
11124 22444
11124 22445
11124 22455
11124 22555
11124 23335
11124 23345
11124 23355
11124 23444
11124 23445
11124 23455
11124 23555
11124 24444
11124 24445
11124 24455
11124 24555
11124 25555
11124 33335
11124 33345
11124 33355
11124 33444
11124 33445
11124 33455
11124 33555
11124 34444
11124 34445
11124 34455
11124 34555
11124 35555
11124 44444
11124 44445
11124 44455
11124 44555
11124 45555
11124 55555
11125 22555
11125 23555
11125 24555
11125 25555
11125 33555
11125 34555
11125 35555
11125 44555
11125 45555
11125 55555
11133 22234
11133 22235
11133 22244
11133 22245
11133 22255
11133 22334
11133 22335
11133 22344
11133 22345
11133 22355
11133 22444
11133 22445
11133 22455
11133 22555
11133 23333
11133 23334
11133 23335
11133 23344
11133 23345
11133 23355
11133 23444
11133 23445
11133 23455
11133 23555
11133 24444
11133 24445
11133 24455
11133 24555
11133 25555
11133 33333
11133 33334
11133 33335
11133 33344
11133 33345
11133 33355
11133 33444
11133 33445
11133 33455
11133 33555
11133 34444
11133 34445
11133 34455
11133 34555
11133 35555
11133 44444
11133 44445
11133 44455
11133 44555
11133 45555
11133 55555
11134 22235
11134 22245
11134 22255
11134 22335
11134 22345
11134 22355
11134 22445
11134 22455
11134 22555
11134 23335
11134 23345
11134 23355
11134 23444
11134 23445
11134 23455
11134 23555
11134 24444
11134 24445
11134 24455
11134 24555
11134 25555
11134 33335
11134 33345
11134 33355
11134 33444
11134 33445
11134 33455
11134 33555
11134 34444
11134 34445
11134 34455
11134 34555
11134 35555
11134 44444
11134 44445
11134 44455
11134 44555
11134 45555
11134 55555
11135 23555
11135 24555
11135 25555
11135 33555
11135 34555
11135 35555
11135 44555
11135 45555
11135 55555
11144 22235
11144 22245
11144 22255
11144 22335
11144 22345
11144 22355
11144 22445
11144 22455
11144 22555
11144 23335
11144 23345
11144 23355
11144 23445
11144 23455
11144 23555
11144 24444
11144 24445
11144 24455
11144 24555
11144 25555
11144 33335
11144 33345
11144 33355
11144 33445
11144 33455
11144 33555
11144 34444
11144 34445
11144 34455
11144 34555
11144 35555
11144 44444
11144 44445
11144 44455
11144 44555
11144 45555
11144 55555
11145 24555
11145 25555
11145 34555
11145 35555
11145 44555
11145 45555
11145 55555
11155 25555
11155 35555
11155 45555
11155 55555
11222 13333
11222 13334
11222 13335
11222 13344
11222 13345
11222 13355
11222 13444
11222 13445
11222 13455
11222 13555
11222 14444
11222 14445
11222 14455
11222 14555
11222 15555
11222 33333
11222 33334
11222 33335
11222 33344
11222 33345
11222 33355
11222 33444
11222 33445
11222 33455
11222 33555
11222 34444
11222 34445
11222 34455
11222 34555
11222 35555
11222 44444
11222 44445
11222 44455
11222 44555
11222 45555
11222 55555
11223 12333
11223 12334
11223 12335
11223 12344
11223 12345
11223 12355
11223 12444
11223 12445
11223 12455
11223 12555
11223 13333
11223 13334
11223 13335
11223 13344
11223 13345
11223 13355
11223 13444
11223 13445
11223 13455
11223 13555
11223 14444
11223 14445
11223 14455
11223 14555
11223 15555
11223 23333
11223 23334
11223 23335
11223 23344
11223 23345
11223 23355
11223 23444
11223 23445
11223 23455
11223 23555
11223 24444
11223 24445
11223 24455
11223 24555
11223 25555
11223 33333
11223 33334
11223 33335
11223 33344
11223 33345
11223 33355
11223 33444
11223 33445
11223 33455
11223 33555
11223 34444
11223 34445
11223 34455
11223 34555
11223 35555
11223 44444
11223 44445
11223 44455
11223 44555
11223 45555
11223 55555
11224 12335
11224 12345
11224 12355
11224 12444
11224 12445
11224 12455
11224 12555
11224 13335
11224 13345
11224 13355
11224 13444
11224 13445
11224 13455
11224 13555
11224 14444
11224 14445
11224 14455
11224 14555
11224 15555
11224 23335
11224 23345
11224 23355
11224 23444
11224 23445
11224 23455
11224 23555
11224 24444
11224 24445
11224 24455
11224 24555
11224 25555
11224 33335
11224 33345
11224 33355
11224 33444
11224 33445
11224 33455
11224 33555
11224 34444
11224 34445
11224 34455
11224 34555
11224 35555
11224 44444
11224 44445
11224 44455
11224 44555
11224 45555
11224 55555
11225 12555
11225 13555
11225 14555
11225 15555
11225 23555
11225 24555
11225 25555
11225 33555
11225 34555
11225 35555
11225 44555
11225 45555
11225 55555
11233 12234
11233 12235
11233 12244
11233 12245
11233 12255
11233 12334
11233 12335
11233 12344
11233 12345
11233 12355
11233 12444
11233 12445
11233 12455
11233 12555
11233 13333
11233 13334
11233 13335
11233 13344
11233 13345
11233 13355
11233 13444
11233 13445
11233 13455
11233 13555
11233 14444
11233 14445
11233 14455
11233 14555
11233 15555
11233 22334
11233 22335
11233 22344
11233 22345
11233 22355
11233 22444
11233 22445
11233 22455
11233 22555
11233 23333
11233 23334
11233 23335
11233 23344
11233 23345
11233 23355
11233 23444
11233 23445
11233 23455
11233 23555
11233 24444
11233 24445
11233 24455
11233 24555
11233 25555
11233 33333
11233 33334
11233 33335
11233 33344
11233 33345
11233 33355
11233 33444
11233 33445
11233 33455
11233 33555
11233 34444
11233 34445
11233 34455
11233 34555
11233 35555
11233 44444
11233 44445
11233 44455
11233 44555
11233 45555
11233 55555
11234 12235
11234 12245
11234 12255
11234 12335
11234 12345
11234 12355
11234 12445
11234 12455
11234 12555
11234 13335
11234 13345
11234 13355
11234 13444
11234 13445
11234 13455
11234 13555
11234 14444
11234 14445
11234 14455
11234 14555
11234 15555
11234 22335
11234 22345
11234 22355
11234 22445
11234 22455
11234 22555
11234 23335
11234 23345
11234 23355
11234 23444
11234 23445
11234 23455
11234 23555
11234 24444
11234 24445
11234 24455
11234 24555
11234 25555
11234 33335
11234 33345
11234 33355
11234 33444
11234 33445
11234 33455
11234 33555
11234 34444
11234 34445
11234 34455
11234 34555
11234 35555
11234 44444
11234 44445
11234 44455
11234 44555
11234 45555
11234 55555
11235 13555
11235 14555
11235 15555
11235 23555
11235 24555
11235 25555
11235 33555
11235 34555
11235 35555
11235 44555
11235 45555
11235 55555
11244 12235
11244 12245
11244 12255
11244 12335
11244 12345
11244 12355
11244 12445
11244 12455
11244 12555
11244 13335
11244 13345
11244 13355
11244 13445
11244 13455
11244 13555
11244 14444
11244 14445
11244 14455
11244 14555
11244 15555
11244 22335
11244 22345
11244 22355
11244 22445
11244 22455
11244 22555
11244 23335
11244 23345
11244 23355
11244 23445
11244 23455
11244 23555
11244 24444
11244 24445
11244 24455
11244 24555
11244 25555
11244 33335
11244 33345
11244 33355
11244 33445
11244 33455
11244 33555
11244 34444
11244 34445
11244 34455
11244 34555
11244 35555
11244 44444
11244 44445
11244 44455
11244 44555
11244 45555
11244 55555
11245 14555
11245 15555
11245 24555
11245 25555
11245 34555
11245 35555
11245 44555
11245 45555
11245 55555
11255 15555
11255 25555
11255 35555
11255 45555
11255 55555
11333 12224
11333 12225
11333 12234
11333 12235
11333 12244
11333 12245
11333 12255
11333 12334
11333 12335
11333 12344
11333 12345
11333 12355
11333 12444
11333 12445
11333 12455
11333 12555
11333 13333
11333 13334
11333 13335
11333 13344
11333 13345
11333 13355
11333 13444
11333 13445
11333 13455
11333 13555
11333 14444
11333 14445
11333 14455
11333 14555
11333 15555
11333 22234
11333 22235
11333 22244
11333 22245
11333 22255
11333 22334
11333 22335
11333 22344
11333 22345
11333 22355
11333 22444
11333 22445
11333 22455
11333 22555
11333 23333
11333 23334
11333 23335
11333 23344
11333 23345
11333 23355
11333 23444
11333 23445
11333 23455
11333 23555
11333 24444
11333 24445
11333 24455
11333 24555
11333 25555
11333 33333
11333 33334
11333 33335
11333 33344
11333 33345
11333 33355
11333 33444
11333 33445
11333 33455
11333 33555
11333 34444
11333 34445
11333 34455
11333 34555
11333 35555
11333 44444
11333 44445
11333 44455
11333 44555
11333 45555
11333 55555
11334 12225
11334 12235
11334 12245
11334 12255
11334 12335
11334 12345
11334 12355
11334 12445
11334 12455
11334 12555
11334 13335
11334 13345
11334 13355
11334 13444
11334 13445
11334 13455
11334 13555
11334 14444
11334 14445
11334 14455
11334 14555
11334 15555
11334 22235
11334 22245
11334 22255
11334 22335
11334 22345
11334 22355
11334 22445
11334 22455
11334 22555
11334 23335
11334 23345
11334 23355
11334 23444
11334 23445
11334 23455
11334 23555
11334 24444
11334 24445
11334 24455
11334 24555
11334 25555
11334 33335
11334 33345
11334 33355
11334 33444
11334 33445
11334 33455
11334 33555
11334 34444
11334 34445
11334 34455
11334 34555
11334 35555
11334 44444
11334 44445
11334 44455
11334 44555
11334 45555
11334 55555
11335 13555
11335 14555
11335 15555
11335 23555
11335 24555
11335 25555
11335 33555
11335 34555
11335 35555
11335 44555
11335 45555
11335 55555
11344 12225
11344 12235
11344 12245
11344 12255
11344 12335
11344 12345
11344 12355
11344 12445
11344 12455
11344 12555
11344 13335
11344 13345
11344 13355
11344 13445
11344 13455
11344 13555
11344 14444
11344 14445
11344 14455
11344 14555
11344 15555
11344 22235
11344 22245
11344 22255
11344 22335
11344 22345
11344 22355
11344 22445
11344 22455
11344 22555
11344 23335
11344 23345
11344 23355
11344 23445
11344 23455
11344 23555
11344 24444
11344 24445
11344 24455
11344 24555
11344 25555
11344 33335
11344 33345
11344 33355
11344 33445
11344 33455
11344 33555
11344 34444
11344 34445
11344 34455
11344 34555
11344 35555
11344 44444
11344 44445
11344 44455
11344 44555
11344 45555
11344 55555
11345 14555
11345 15555
11345 24555
11345 25555
11345 34555
11345 35555
11345 44555
11345 45555
11345 55555
11355 15555
11355 25555
11355 35555
11355 45555
11355 55555
11444 12225
11444 12235
11444 12245
11444 12255
11444 12335
11444 12345
11444 12355
11444 12445
11444 12455
11444 12555
11444 13335
11444 13345
11444 13355
11444 13445
11444 13455
11444 13555
11444 14444
11444 14445
11444 14455
11444 14555
11444 15555
11444 22235
11444 22245
11444 22255
11444 22335
11444 22345
11444 22355
11444 22445
11444 22455
11444 22555
11444 23335
11444 23345
11444 23355
11444 23445
11444 23455
11444 23555
11444 24444
11444 24445
11444 24455
11444 24555
11444 25555
11444 33335
11444 33345
11444 33355
11444 33445
11444 33455
11444 33555
11444 34444
11444 34445
11444 34455
11444 34555
11444 35555
11444 44444
11444 44445
11444 44455
11444 44555
11444 45555
11444 55555
11445 14555
11445 15555
11445 24555
11445 25555
11445 34555
11445 35555
11445 44555
11445 45555
11445 55555
11455 15555
11455 25555
11455 35555
11455 45555
11455 55555
11555 15555
11555 25555
11555 35555
11555 45555
11555 55555
12223 11334
12223 11335
12223 11344
12223 11345
12223 11355
12223 11444
12223 11445
12223 11455
12223 11555
12223 13333
12223 13334
12223 13335
12223 13344
12223 13345
12223 13355
12223 13444
12223 13445
12223 13455
12223 13555
12223 14444
12223 14445
12223 14455
12223 14555
12223 15555
12223 33333
12223 33334
12223 33335
12223 33344
12223 33345
12223 33355
12223 33444
12223 33445
12223 33455
12223 33555
12223 34444
12223 34445
12223 34455
12223 34555
12223 35555
12223 44444
12223 44445
12223 44455
12223 44555
12223 45555
12223 55555
12224 11335
12224 11345
12224 11355
12224 11445
12224 11455
12224 11555
12224 13335
12224 13345
12224 13355
12224 13444
12224 13445
12224 13455
12224 13555
12224 14444
12224 14445
12224 14455
12224 14555
12224 15555
12224 33335
12224 33345
12224 33355
12224 33444
12224 33445
12224 33455
12224 33555
12224 34444
12224 34445
12224 34455
12224 34555
12224 35555
12224 44444
12224 44445
12224 44455
12224 44555
12224 45555
12224 55555
12225 13555
12225 14555
12225 15555
12225 33555
12225 34555
12225 35555
12225 44555
12225 45555
12225 55555
12233 11234
12233 11235
12233 11244
12233 11245
12233 11255
12233 11334
12233 11335
12233 11344
12233 11345
12233 11355
12233 11444
12233 11445
12233 11455
12233 11555
12233 12334
12233 12335
12233 12344
12233 12345
12233 12355
12233 12444
12233 12445
12233 12455
12233 12555
12233 13333
12233 13334
12233 13335
12233 13344
12233 13345
12233 13355
12233 13444
12233 13445
12233 13455
12233 13555
12233 14444
12233 14445
12233 14455
12233 14555
12233 15555
12233 23333
12233 23334
12233 23335
12233 23344
12233 23345
12233 23355
12233 23444
12233 23445
12233 23455
12233 23555
12233 24444
12233 24445
12233 24455
12233 24555
12233 25555
12233 33333
12233 33334
12233 33335
12233 33344
12233 33345
12233 33355
12233 33444
12233 33445
12233 33455
12233 33555
12233 34444
12233 34445
12233 34455
12233 34555
12233 35555
12233 44444
12233 44445
12233 44455
12233 44555
12233 45555
12233 55555
12234 11235
12234 11245
12234 11255
12234 11335
12234 11345
12234 11355
12234 11445
12234 11455
12234 11555
12234 12335
12234 12345
12234 12355
12234 12445
12234 12455
12234 12555
12234 13335
12234 13345
12234 13355
12234 13444
12234 13445
12234 13455
12234 13555
12234 14444
12234 14445
12234 14455
12234 14555
12234 15555
12234 23335
12234 23345
12234 23355
12234 23444
12234 23445
12234 23455
12234 23555
12234 24444
12234 24445
12234 24455
12234 24555
12234 25555
12234 33335
12234 33345
12234 33355
12234 33444
12234 33445
12234 33455
12234 33555
12234 34444
12234 34445
12234 34455
12234 34555
12234 35555
12234 44444
12234 44445
12234 44455
12234 44555
12234 45555
12234 55555
12235 13555
12235 14555
12235 15555
12235 23555
12235 24555
12235 25555
12235 33555
12235 34555
12235 35555
12235 44555
12235 45555
12235 55555
12244 11235
12244 11245
12244 11255
12244 11335
12244 11345
12244 11355
12244 11445
12244 11455
12244 11555
12244 12335
12244 12345
12244 12355
12244 12445
12244 12455
12244 12555
12244 13335
12244 13345
12244 13355
12244 13445
12244 13455
12244 13555
12244 14444
12244 14445
12244 14455
12244 14555
12244 15555
12244 23335
12244 23345
12244 23355
12244 23445
12244 23455
12244 23555
12244 24444
12244 24445
12244 24455
12244 24555
12244 25555
12244 33335
12244 33345
12244 33355
12244 33445
12244 33455
12244 33555
12244 34444
12244 34445
12244 34455
12244 34555
12244 35555
12244 44444
12244 44445
12244 44455
12244 44555
12244 45555
12244 55555
12245 14555
12245 15555
12245 24555
12245 25555
12245 34555
12245 35555
12245 44555
12245 45555
12245 55555
12255 15555
12255 25555
12255 35555
12255 45555
12255 55555
12333 11224
12333 11225
12333 11234
12333 11235
12333 11244
12333 11245
12333 11255
12333 11334
12333 11335
12333 11344
12333 11345
12333 11355
12333 11444
12333 11445
12333 11455
12333 11555
12333 12234
12333 12235
12333 12244
12333 12245
12333 12255
12333 12334
12333 12335
12333 12344
12333 12345
12333 12355
12333 12444
12333 12445
12333 12455
12333 12555
12333 13333
12333 13334
12333 13335
12333 13344
12333 13345
12333 13355
12333 13444
12333 13445
12333 13455
12333 13555
12333 14444
12333 14445
12333 14455
12333 14555
12333 15555
12333 22334
12333 22335
12333 22344
12333 22345
12333 22355
12333 22444
12333 22445
12333 22455
12333 22555
12333 23333
12333 23334
12333 23335
12333 23344
12333 23345
12333 23355
12333 23444
12333 23445
12333 23455
12333 23555
12333 24444
12333 24445
12333 24455
12333 24555
12333 25555
12333 33333
12333 33334
12333 33335
12333 33344
12333 33345
12333 33355
12333 33444
12333 33445
12333 33455
12333 33555
12333 34444
12333 34445
12333 34455
12333 34555
12333 35555
12333 44444
12333 44445
12333 44455
12333 44555
12333 45555
12333 55555
12334 11225
12334 11235
12334 11245
12334 11255
12334 11335
12334 11345
12334 11355
12334 11445
12334 11455
12334 11555
12334 12235
12334 12245
12334 12255
12334 12335
12334 12345
12334 12355
12334 12445
12334 12455
12334 12555
12334 13335
12334 13345
12334 13355
12334 13444
12334 13445
12334 13455
12334 13555
12334 14444
12334 14445
12334 14455
12334 14555
12334 15555
12334 22335
12334 22345
12334 22355
12334 22445
12334 22455
12334 22555
12334 23335
12334 23345
12334 23355
12334 23444
12334 23445
12334 23455
12334 23555
12334 24444
12334 24445
12334 24455
12334 24555
12334 25555
12334 33335
12334 33345
12334 33355
12334 33444
12334 33445
12334 33455
12334 33555
12334 34444
12334 34445
12334 34455
12334 34555
12334 35555
12334 44444
12334 44445
12334 44455
12334 44555
12334 45555
12334 55555
12335 13555
12335 14555
12335 15555
12335 23555
12335 24555
12335 25555
12335 33555
12335 34555
12335 35555
12335 44555
12335 45555
12335 55555
12344 11225
12344 11235
12344 11245
12344 11255
12344 11335
12344 11345
12344 11355
12344 11445
12344 11455
12344 11555
12344 12235
12344 12245
12344 12255
12344 12335
12344 12345
12344 12355
12344 12445
12344 12455
12344 12555
12344 13335
12344 13345
12344 13355
12344 13445
12344 13455
12344 13555
12344 14444
12344 14445
12344 14455
12344 14555
12344 15555
12344 22335
12344 22345
12344 22355
12344 22445
12344 22455
12344 22555
12344 23335
12344 23345
12344 23355
12344 23445
12344 23455
12344 23555
12344 24444
12344 24445
12344 24455
12344 24555
12344 25555
12344 33335
12344 33345
12344 33355
12344 33445
12344 33455
12344 33555
12344 34444
12344 34445
12344 34455
12344 34555
12344 35555
12344 44444
12344 44445
12344 44455
12344 44555
12344 45555
12344 55555
12345 14555
12345 15555
12345 24555
12345 25555
12345 34555
12345 35555
12345 44555
12345 45555
12345 55555
12355 15555
12355 25555
12355 35555
12355 45555
12355 55555
12444 11225
12444 11235
12444 11245
12444 11255
12444 11335
12444 11345
12444 11355
12444 11445
12444 11455
12444 11555
12444 12235
12444 12245
12444 12255
12444 12335
12444 12345
12444 12355
12444 12445
12444 12455
12444 12555
12444 13335
12444 13345
12444 13355
12444 13445
12444 13455
12444 13555
12444 14444
12444 14445
12444 14455
12444 14555
12444 15555
12444 22335
12444 22345
12444 22355
12444 22445
12444 22455
12444 22555
12444 23335
12444 23345
12444 23355
12444 23445
12444 23455
12444 23555
12444 24444
12444 24445
12444 24455
12444 24555
12444 25555
12444 33335
12444 33345
12444 33355
12444 33445
12444 33455
12444 33555
12444 34444
12444 34445
12444 34455
12444 34555
12444 35555
12444 44444
12444 44445
12444 44455
12444 44555
12444 45555
12444 55555
12445 14555
12445 15555
12445 24555
12445 25555
12445 34555
12445 35555
12445 44555
12445 45555
12445 55555
12455 15555
12455 25555
12455 35555
12455 45555
12455 55555
12555 15555
12555 25555
12555 35555
12555 45555
12555 55555
13333 11224
13333 11225
13333 11234
13333 11235
13333 11244
13333 11245
13333 11255
13333 11334
13333 11335
13333 11344
13333 11345
13333 11355
13333 11444
13333 11445
13333 11455
13333 11555
13333 12224
13333 12225
13333 12234
13333 12235
13333 12244
13333 12245
13333 12255
13333 12334
13333 12335
13333 12344
13333 12345
13333 12355
13333 12444
13333 12445
13333 12455
13333 12555
13333 13333
13333 13334
13333 13335
13333 13344
13333 13345
13333 13355
13333 13444
13333 13445
13333 13455
13333 13555
13333 14444
13333 14445
13333 14455
13333 14555
13333 15555
13333 22234
13333 22235
13333 22244
13333 22245
13333 22255
13333 22334
13333 22335
13333 22344
13333 22345
13333 22355
13333 22444
13333 22445
13333 22455
13333 22555
13333 23333
13333 23334
13333 23335
13333 23344
13333 23345
13333 23355
13333 23444
13333 23445
13333 23455
13333 23555
13333 24444
13333 24445
13333 24455
13333 24555
13333 25555
13333 33333
13333 33334
13333 33335
13333 33344
13333 33345
13333 33355
13333 33444
13333 33445
13333 33455
13333 33555
13333 34444
13333 34445
13333 34455
13333 34555
13333 35555
13333 44444
13333 44445
13333 44455
13333 44555
13333 45555
13333 55555
13334 11225
13334 11235
13334 11245
13334 11255
13334 11335
13334 11345
13334 11355
13334 11445
13334 11455
13334 11555
13334 12225
13334 12235
13334 12245
13334 12255
13334 12335
13334 12345
13334 12355
13334 12445
13334 12455
13334 12555
13334 13335
13334 13345
13334 13355
13334 13444
13334 13445
13334 13455
13334 13555
13334 14444
13334 14445
13334 14455
13334 14555
13334 15555
13334 22235
13334 22245
13334 22255
13334 22335
13334 22345
13334 22355
13334 22445
13334 22455
13334 22555
13334 23335
13334 23345
13334 23355
13334 23444
13334 23445
13334 23455
13334 23555
13334 24444
13334 24445
13334 24455
13334 24555
13334 25555
13334 33335
13334 33345
13334 33355
13334 33444
13334 33445
13334 33455
13334 33555
13334 34444
13334 34445
13334 34455
13334 34555
13334 35555
13334 44444
13334 44445
13334 44455
13334 44555
13334 45555
13334 55555
13335 13555
13335 14555
13335 15555
13335 23555
13335 24555
13335 25555
13335 33555
13335 34555
13335 35555
13335 44555
13335 45555
13335 55555
13344 11225
13344 11235
13344 11245
13344 11255
13344 11335
13344 11345
13344 11355
13344 11445
13344 11455
13344 11555
13344 12225
13344 12235
13344 12245
13344 12255
13344 12335
13344 12345
13344 12355
13344 12445
13344 12455
13344 12555
13344 13335
13344 13345
13344 13355
13344 13445
13344 13455
13344 13555
13344 14444
13344 14445
13344 14455
13344 14555
13344 15555
13344 22235
13344 22245
13344 22255
13344 22335
13344 22345
13344 22355
13344 22445
13344 22455
13344 22555
13344 23335
13344 23345
13344 23355
13344 23445
13344 23455
13344 23555
13344 24444
13344 24445
13344 24455
13344 24555
13344 25555
13344 33335
13344 33345
13344 33355
13344 33445
13344 33455
13344 33555
13344 34444
13344 34445
13344 34455
13344 34555
13344 35555
13344 44444
13344 44445
13344 44455
13344 44555
13344 45555
13344 55555
13345 14555
13345 15555
13345 24555
13345 25555
13345 34555
13345 35555
13345 44555
13345 45555
13345 55555
13355 15555
13355 25555
13355 35555
13355 45555
13355 55555
13444 11225
13444 11235
13444 11245
13444 11255
13444 11335
13444 11345
13444 11355
13444 11445
13444 11455
13444 11555
13444 12225
13444 12235
13444 12245
13444 12255
13444 12335
13444 12345
13444 12355
13444 12445
13444 12455
13444 12555
13444 13335
13444 13345
13444 13355
13444 13445
13444 13455
13444 13555
13444 14444
13444 14445
13444 14455
13444 14555
13444 15555
13444 22235
13444 22245
13444 22255
13444 22335
13444 22345
13444 22355
13444 22445
13444 22455
13444 22555
13444 23335
13444 23345
13444 23355
13444 23445
13444 23455
13444 23555
13444 24444
13444 24445
13444 24455
13444 24555
13444 25555
13444 33335
13444 33345
13444 33355
13444 33445
13444 33455
13444 33555
13444 34444
13444 34445
13444 34455
13444 34555
13444 35555
13444 44444
13444 44445
13444 44455
13444 44555
13444 45555
13444 55555
13445 14555
13445 15555
13445 24555
13445 25555
13445 34555
13445 35555
13445 44555
13445 45555
13445 55555
13455 15555
13455 25555
13455 35555
13455 45555
13455 55555
13555 15555
13555 25555
13555 35555
13555 45555
13555 55555
14444 11225
14444 11235
14444 11245
14444 11255
14444 11335
14444 11345
14444 11355
14444 11445
14444 11455
14444 11555
14444 12225
14444 12235
14444 12245
14444 12255
14444 12335
14444 12345
14444 12355
14444 12445
14444 12455
14444 12555
14444 13335
14444 13345
14444 13355
14444 13445
14444 13455
14444 13555
14444 14444
14444 14445
14444 14455
14444 14555
14444 15555
14444 22235
14444 22245
14444 22255
14444 22335
14444 22345
14444 22355
14444 22445
14444 22455
14444 22555
14444 23335
14444 23345
14444 23355
14444 23445
14444 23455
14444 23555
14444 24444
14444 24445
14444 24455
14444 24555
14444 25555
14444 33335
14444 33345
14444 33355
14444 33445
14444 33455
14444 33555
14444 34444
14444 34445
14444 34455
14444 34555
14444 35555
14444 44444
14444 44445
14444 44455
14444 44555
14444 45555
14444 55555
14445 14555
14445 15555
14445 24555
14445 25555
14445 34555
14445 35555
14445 44555
14445 45555
14445 55555
14455 15555
14455 25555
14455 35555
14455 45555
14455 55555
14555 15555
14555 25555
14555 35555
14555 45555
14555 55555
15555 15555
15555 25555
15555 35555
15555 45555
15555 55555
22233 11134
22233 11135
22233 11144
22233 11145
22233 11155
22233 11334
22233 11335
22233 11344
22233 11345
22233 11355
22233 11444
22233 11445
22233 11455
22233 11555
22233 13333
22233 13334
22233 13335
22233 13344
22233 13345
22233 13355
22233 13444
22233 13445
22233 13455
22233 13555
22233 14444
22233 14445
22233 14455
22233 14555
22233 15555
22233 33333
22233 33334
22233 33335
22233 33344
22233 33345
22233 33355
22233 33444
22233 33445
22233 33455
22233 33555
22233 34444
22233 34445
22233 34455
22233 34555
22233 35555
22233 44444
22233 44445
22233 44455
22233 44555
22233 45555
22233 55555
22234 11135
22234 11145
22234 11155
22234 11335
22234 11345
22234 11355
22234 11445
22234 11455
22234 11555
22234 13335
22234 13345
22234 13355
22234 13444
22234 13445
22234 13455
22234 13555
22234 14444
22234 14445
22234 14455
22234 14555
22234 15555
22234 33335
22234 33345
22234 33355
22234 33444
22234 33445
22234 33455
22234 33555
22234 34444
22234 34445
22234 34455
22234 34555
22234 35555
22234 44444
22234 44445
22234 44455
22234 44555
22234 45555
22234 55555
22235 13555
22235 14555
22235 15555
22235 33555
22235 34555
22235 35555
22235 44555
22235 45555
22235 55555
22244 11135
22244 11145
22244 11155
22244 11335
22244 11345
22244 11355
22244 11445
22244 11455
22244 11555
22244 13335
22244 13345
22244 13355
22244 13445
22244 13455
22244 13555
22244 14444
22244 14445
22244 14455
22244 14555
22244 15555
22244 33335
22244 33345
22244 33355
22244 33445
22244 33455
22244 33555
22244 34444
22244 34445
22244 34455
22244 34555
22244 35555
22244 44444
22244 44445
22244 44455
22244 44555
22244 45555
22244 55555
22245 14555
22245 15555
22245 34555
22245 35555
22245 44555
22245 45555
22245 55555
22255 15555
22255 35555
22255 45555
22255 55555
22333 11124
22333 11125
22333 11134
22333 11135
22333 11144
22333 11145
22333 11155
22333 11234
22333 11235
22333 11244
22333 11245
22333 11255
22333 11334
22333 11335
22333 11344
22333 11345
22333 11355
22333 11444
22333 11445
22333 11455
22333 11555
22333 12334
22333 12335
22333 12344
22333 12345
22333 12355
22333 12444
22333 12445
22333 12455
22333 12555
22333 13333
22333 13334
22333 13335
22333 13344
22333 13345
22333 13355
22333 13444
22333 13445
22333 13455
22333 13555
22333 14444
22333 14445
22333 14455
22333 14555
22333 15555
22333 23333
22333 23334
22333 23335
22333 23344
22333 23345
22333 23355
22333 23444
22333 23445
22333 23455
22333 23555
22333 24444
22333 24445
22333 24455
22333 24555
22333 25555
22333 33333
22333 33334
22333 33335
22333 33344
22333 33345
22333 33355
22333 33444
22333 33445
22333 33455
22333 33555
22333 34444
22333 34445
22333 34455
22333 34555
22333 35555
22333 44444
22333 44445
22333 44455
22333 44555
22333 45555
22333 55555
22334 11125
22334 11135
22334 11145
22334 11155
22334 11235
22334 11245
22334 11255
22334 11335
22334 11345
22334 11355
22334 11445
22334 11455
22334 11555
22334 12335
22334 12345
22334 12355
22334 12445
22334 12455
22334 12555
22334 13335
22334 13345
22334 13355
22334 13444
22334 13445
22334 13455
22334 13555
22334 14444
22334 14445
22334 14455
22334 14555
22334 15555
22334 23335
22334 23345
22334 23355
22334 23444
22334 23445
22334 23455
22334 23555
22334 24444
22334 24445
22334 24455
22334 24555
22334 25555
22334 33335
22334 33345
22334 33355
22334 33444
22334 33445
22334 33455
22334 33555
22334 34444
22334 34445
22334 34455
22334 34555
22334 35555
22334 44444
22334 44445
22334 44455
22334 44555
22334 45555
22334 55555
22335 13555
22335 14555
22335 15555
22335 23555
22335 24555
22335 25555
22335 33555
22335 34555
22335 35555
22335 44555
22335 45555
22335 55555
22344 11125
22344 11135
22344 11145
22344 11155
22344 11235
22344 11245
22344 11255
22344 11335
22344 11345
22344 11355
22344 11445
22344 11455
22344 11555
22344 12335
22344 12345
22344 12355
22344 12445
22344 12455
22344 12555
22344 13335
22344 13345
22344 13355
22344 13445
22344 13455
22344 13555
22344 14444
22344 14445
22344 14455
22344 14555
22344 15555
22344 23335
22344 23345
22344 23355
22344 23445
22344 23455
22344 23555
22344 24444
22344 24445
22344 24455
22344 24555
22344 25555
22344 33335
22344 33345
22344 33355
22344 33445
22344 33455
22344 33555
22344 34444
22344 34445
22344 34455
22344 34555
22344 35555
22344 44444
22344 44445
22344 44455
22344 44555
22344 45555
22344 55555
22345 14555
22345 15555
22345 24555
22345 25555
22345 34555
22345 35555
22345 44555
22345 45555
22345 55555
22355 15555
22355 25555
22355 35555
22355 45555
22355 55555
22444 11125
22444 11135
22444 11145
22444 11155
22444 11235
22444 11245
22444 11255
22444 11335
22444 11345
22444 11355
22444 11445
22444 11455
22444 11555
22444 12335
22444 12345
22444 12355
22444 12445
22444 12455
22444 12555
22444 13335
22444 13345
22444 13355
22444 13445
22444 13455
22444 13555
22444 14444
22444 14445
22444 14455
22444 14555
22444 15555
22444 23335
22444 23345
22444 23355
22444 23445
22444 23455
22444 23555
22444 24444
22444 24445
22444 24455
22444 24555
22444 25555
22444 33335
22444 33345
22444 33355
22444 33445
22444 33455
22444 33555
22444 34444
22444 34445
22444 34455
22444 34555
22444 35555
22444 44444
22444 44445
22444 44455
22444 44555
22444 45555
22444 55555
22445 14555
22445 15555
22445 24555
22445 25555
22445 34555
22445 35555
22445 44555
22445 45555
22445 55555
22455 15555
22455 25555
22455 35555
22455 45555
22455 55555
22555 15555
22555 25555
22555 35555
22555 45555
22555 55555
23333 11124
23333 11125
23333 11134
23333 11135
23333 11144
23333 11145
23333 11155
23333 11224
23333 11225
23333 11234
23333 11235
23333 11244
23333 11245
23333 11255
23333 11334
23333 11335
23333 11344
23333 11345
23333 11355
23333 11444
23333 11445
23333 11455
23333 11555
23333 12234
23333 12235
23333 12244
23333 12245
23333 12255
23333 12334
23333 12335
23333 12344
23333 12345
23333 12355
23333 12444
23333 12445
23333 12455
23333 12555
23333 13333
23333 13334
23333 13335
23333 13344
23333 13345
23333 13355
23333 13444
23333 13445
23333 13455
23333 13555
23333 14444
23333 14445
23333 14455
23333 14555
23333 15555
23333 22334
23333 22335
23333 22344
23333 22345
23333 22355
23333 22444
23333 22445
23333 22455
23333 22555
23333 23333
23333 23334
23333 23335
23333 23344
23333 23345
23333 23355
23333 23444
23333 23445
23333 23455
23333 23555
23333 24444
23333 24445
23333 24455
23333 24555
23333 25555
23333 33333
23333 33334
23333 33335
23333 33344
23333 33345
23333 33355
23333 33444
23333 33445
23333 33455
23333 33555
23333 34444
23333 34445
23333 34455
23333 34555
23333 35555
23333 44444
23333 44445
23333 44455
23333 44555
23333 45555
23333 55555
23334 11125
23334 11135
23334 11145
23334 11155
23334 11225
23334 11235
23334 11245
23334 11255
23334 11335
23334 11345
23334 11355
23334 11445
23334 11455
23334 11555
23334 12235
23334 12245
23334 12255
23334 12335
23334 12345
23334 12355
23334 12445
23334 12455
23334 12555
23334 13335
23334 13345
23334 13355
23334 13444
23334 13445
23334 13455
23334 13555
23334 14444
23334 14445
23334 14455
23334 14555
23334 15555
23334 22335
23334 22345
23334 22355
23334 22445
23334 22455
23334 22555
23334 23335
23334 23345
23334 23355
23334 23444
23334 23445
23334 23455
23334 23555
23334 24444
23334 24445
23334 24455
23334 24555
23334 25555
23334 33335
23334 33345
23334 33355
23334 33444
23334 33445
23334 33455
23334 33555
23334 34444
23334 34445
23334 34455
23334 34555
23334 35555
23334 44444
23334 44445
23334 44455
23334 44555
23334 45555
23334 55555
23335 13555
23335 14555
23335 15555
23335 23555
23335 24555
23335 25555
23335 33555
23335 34555
23335 35555
23335 44555
23335 45555
23335 55555
23344 11125
23344 11135
23344 11145
23344 11155
23344 11225
23344 11235
23344 11245
23344 11255
23344 11335
23344 11345
23344 11355
23344 11445
23344 11455
23344 11555
23344 12235
23344 12245
23344 12255
23344 12335
23344 12345
23344 12355
23344 12445
23344 12455
23344 12555
23344 13335
23344 13345
23344 13355
23344 13445
23344 13455
23344 13555
23344 14444
23344 14445
23344 14455
23344 14555
23344 15555
23344 22335
23344 22345
23344 22355
23344 22445
23344 22455
23344 22555
23344 23335
23344 23345
23344 23355
23344 23445
23344 23455
23344 23555
23344 24444
23344 24445
23344 24455
23344 24555
23344 25555
23344 33335
23344 33345
23344 33355
23344 33445
23344 33455
23344 33555
23344 34444
23344 34445
23344 34455
23344 34555
23344 35555
23344 44444
23344 44445
23344 44455
23344 44555
23344 45555
23344 55555
23345 14555
23345 15555
23345 24555
23345 25555
23345 34555
23345 35555
23345 44555
23345 45555
23345 55555
23355 15555
23355 25555
23355 35555
23355 45555
23355 55555
23444 11125
23444 11135
23444 11145
23444 11155
23444 11225
23444 11235
23444 11245
23444 11255
23444 11335
23444 11345
23444 11355
23444 11445
23444 11455
23444 11555
23444 12235
23444 12245
23444 12255
23444 12335
23444 12345
23444 12355
23444 12445
23444 12455
23444 12555
23444 13335
23444 13345
23444 13355
23444 13445
23444 13455
23444 13555
23444 14444
23444 14445
23444 14455
23444 14555
23444 15555
23444 22335
23444 22345
23444 22355
23444 22445
23444 22455
23444 22555
23444 23335
23444 23345
23444 23355
23444 23445
23444 23455
23444 23555
23444 24444
23444 24445
23444 24455
23444 24555
23444 25555
23444 33335
23444 33345
23444 33355
23444 33445
23444 33455
23444 33555
23444 34444
23444 34445
23444 34455
23444 34555
23444 35555
23444 44444
23444 44445
23444 44455
23444 44555
23444 45555
23444 55555
23445 14555
23445 15555
23445 24555
23445 25555
23445 34555
23445 35555
23445 44555
23445 45555
23445 55555
23455 15555
23455 25555
23455 35555
23455 45555
23455 55555
23555 15555
23555 25555
23555 35555
23555 45555
23555 55555
24444 11125
24444 11135
24444 11145
24444 11155
24444 11225
24444 11235
24444 11245
24444 11255
24444 11335
24444 11345
24444 11355
24444 11445
24444 11455
24444 11555
24444 12235
24444 12245
24444 12255
24444 12335
24444 12345
24444 12355
24444 12445
24444 12455
24444 12555
24444 13335
24444 13345
24444 13355
24444 13445
24444 13455
24444 13555
24444 14444
24444 14445
24444 14455
24444 14555
24444 15555
24444 22335
24444 22345
24444 22355
24444 22445
24444 22455
24444 22555
24444 23335
24444 23345
24444 23355
24444 23445
24444 23455
24444 23555
24444 24444
24444 24445
24444 24455
24444 24555
24444 25555
24444 33335
24444 33345
24444 33355
24444 33445
24444 33455
24444 33555
24444 34444
24444 34445
24444 34455
24444 34555
24444 35555
24444 44444
24444 44445
24444 44455
24444 44555
24444 45555
24444 55555
24445 14555
24445 15555
24445 24555
24445 25555
24445 34555
24445 35555
24445 44555
24445 45555
24445 55555
24455 15555
24455 25555
24455 35555
24455 45555
24455 55555
24555 15555
24555 25555
24555 35555
24555 45555
24555 55555
25555 15555
25555 25555
25555 35555
25555 45555
25555 55555
33333 11124
33333 11125
33333 11134
33333 11135
33333 11144
33333 11145
33333 11155
33333 11224
33333 11225
33333 11234
33333 11235
33333 11244
33333 11245
33333 11255
33333 11334
33333 11335
33333 11344
33333 11345
33333 11355
33333 11444
33333 11445
33333 11455
33333 11555
33333 12224
33333 12225
33333 12234
33333 12235
33333 12244
33333 12245
33333 12255
33333 12334
33333 12335
33333 12344
33333 12345
33333 12355
33333 12444
33333 12445
33333 12455
33333 12555
33333 13333
33333 13334
33333 13335
33333 13344
33333 13345
33333 13355
33333 13444
33333 13445
33333 13455
33333 13555
33333 14444
33333 14445
33333 14455
33333 14555
33333 15555
33333 22234
33333 22235
33333 22244
33333 22245
33333 22255
33333 22334
33333 22335
33333 22344
33333 22345
33333 22355
33333 22444
33333 22445
33333 22455
33333 22555
33333 23333
33333 23334
33333 23335
33333 23344
33333 23345
33333 23355
33333 23444
33333 23445
33333 23455
33333 23555
33333 24444
33333 24445
33333 24455
33333 24555
33333 25555
33333 33333
33333 33334
33333 33335
33333 33344
33333 33345
33333 33355
33333 33444
33333 33445
33333 33455
33333 33555
33333 34444
33333 34445
33333 34455
33333 34555
33333 35555
33333 44444
33333 44445
33333 44455
33333 44555
33333 45555
33333 55555
33334 11125
33334 11135
33334 11145
33334 11155
33334 11225
33334 11235
33334 11245
33334 11255
33334 11335
33334 11345
33334 11355
33334 11445
33334 11455
33334 11555
33334 12225
33334 12235
33334 12245
33334 12255
33334 12335
33334 12345
33334 12355
33334 12445
33334 12455
33334 12555
33334 13335
33334 13345
33334 13355
33334 13444
33334 13445
33334 13455
33334 13555
33334 14444
33334 14445
33334 14455
33334 14555
33334 15555
33334 22235
33334 22245
33334 22255
33334 22335
33334 22345
33334 22355
33334 22445
33334 22455
33334 22555
33334 23335
33334 23345
33334 23355
33334 23444
33334 23445
33334 23455
33334 23555
33334 24444
33334 24445
33334 24455
33334 24555
33334 25555
33334 33335
33334 33345
33334 33355
33334 33444
33334 33445
33334 33455
33334 33555
33334 34444
33334 34445
33334 34455
33334 34555
33334 35555
33334 44444
33334 44445
33334 44455
33334 44555
33334 45555
33334 55555
33335 13555
33335 14555
33335 15555
33335 23555
33335 24555
33335 25555
33335 33555
33335 34555
33335 35555
33335 44555
33335 45555
33335 55555
33344 11125
33344 11135
33344 11145
33344 11155
33344 11225
33344 11235
33344 11245
33344 11255
33344 11335
33344 11345
33344 11355
33344 11445
33344 11455
33344 11555
33344 12225
33344 12235
33344 12245
33344 12255
33344 12335
33344 12345
33344 12355
33344 12445
33344 12455
33344 12555
33344 13335
33344 13345
33344 13355
33344 13445
33344 13455
33344 13555
33344 14444
33344 14445
33344 14455
33344 14555
33344 15555
33344 22235
33344 22245
33344 22255
33344 22335
33344 22345
33344 22355
33344 22445
33344 22455
33344 22555
33344 23335
33344 23345
33344 23355
33344 23445
33344 23455
33344 23555
33344 24444
33344 24445
33344 24455
33344 24555
33344 25555
33344 33335
33344 33345
33344 33355
33344 33445
33344 33455
33344 33555
33344 34444
33344 34445
33344 34455
33344 34555
33344 35555
33344 44444
33344 44445
33344 44455
33344 44555
33344 45555
33344 55555
33345 14555
33345 15555
33345 24555
33345 25555
33345 34555
33345 35555
33345 44555
33345 45555
33345 55555
33355 15555
33355 25555
33355 35555
33355 45555
33355 55555
33444 11125
33444 11135
33444 11145
33444 11155
33444 11225
33444 11235
33444 11245
33444 11255
33444 11335
33444 11345
33444 11355
33444 11445
33444 11455
33444 11555
33444 12225
33444 12235
33444 12245
33444 12255
33444 12335
33444 12345
33444 12355
33444 12445
33444 12455
33444 12555
33444 13335
33444 13345
33444 13355
33444 13445
33444 13455
33444 13555
33444 14444
33444 14445
33444 14455
33444 14555
33444 15555
33444 22235
33444 22245
33444 22255
33444 22335
33444 22345
33444 22355
33444 22445
33444 22455
33444 22555
33444 23335
33444 23345
33444 23355
33444 23445
33444 23455
33444 23555
33444 24444
33444 24445
33444 24455
33444 24555
33444 25555
33444 33335
33444 33345
33444 33355
33444 33445
33444 33455
33444 33555
33444 34444
33444 34445
33444 34455
33444 34555
33444 35555
33444 44444
33444 44445
33444 44455
33444 44555
33444 45555
33444 55555
33445 14555
33445 15555
33445 24555
33445 25555
33445 34555
33445 35555
33445 44555
33445 45555
33445 55555
33455 15555
33455 25555
33455 35555
33455 45555
33455 55555
33555 15555
33555 25555
33555 35555
33555 45555
33555 55555
34444 11125
34444 11135
34444 11145
34444 11155
34444 11225
34444 11235
34444 11245
34444 11255
34444 11335
34444 11345
34444 11355
34444 11445
34444 11455
34444 11555
34444 12225
34444 12235
34444 12245
34444 12255
34444 12335
34444 12345
34444 12355
34444 12445
34444 12455
34444 12555
34444 13335
34444 13345
34444 13355
34444 13445
34444 13455
34444 13555
34444 14444
34444 14445
34444 14455
34444 14555
34444 15555
34444 22235
34444 22245
34444 22255
34444 22335
34444 22345
34444 22355
34444 22445
34444 22455
34444 22555
34444 23335
34444 23345
34444 23355
34444 23445
34444 23455
34444 23555
34444 24444
34444 24445
34444 24455
34444 24555
34444 25555
34444 33335
34444 33345
34444 33355
34444 33445
34444 33455
34444 33555
34444 34444
34444 34445
34444 34455
34444 34555
34444 35555
34444 44444
34444 44445
34444 44455
34444 44555
34444 45555
34444 55555
34445 14555
34445 15555
34445 24555
34445 25555
34445 34555
34445 35555
34445 44555
34445 45555
34445 55555
34455 15555
34455 25555
34455 35555
34455 45555
34455 55555
34555 15555
34555 25555
34555 35555
34555 45555
34555 55555
35555 15555
35555 25555
35555 35555
35555 45555
35555 55555
44444 11125
44444 11135
44444 11145
44444 11155
44444 11225
44444 11235
44444 11245
44444 11255
44444 11335
44444 11345
44444 11355
44444 11445
44444 11455
44444 11555
44444 12225
44444 12235
44444 12245
44444 12255
44444 12335
44444 12345
44444 12355
44444 12445
44444 12455
44444 12555
44444 13335
44444 13345
44444 13355
44444 13445
44444 13455
44444 13555
44444 14444
44444 14445
44444 14455
44444 14555
44444 15555
44444 22235
44444 22245
44444 22255
44444 22335
44444 22345
44444 22355
44444 22445
44444 22455
44444 22555
44444 23335
44444 23345
44444 23355
44444 23445
44444 23455
44444 23555
44444 24444
44444 24445
44444 24455
44444 24555
44444 25555
44444 33335
44444 33345
44444 33355
44444 33445
44444 33455
44444 33555
44444 34444
44444 34445
44444 34455
44444 34555
44444 35555
44444 44444
44444 44445
44444 44455
44444 44555
44444 45555
44444 55555
44445 14555
44445 15555
44445 24555
44445 25555
44445 34555
44445 35555
44445 44555
44445 45555
44445 55555
44455 15555
44455 25555
44455 35555
44455 45555
44455 55555
44555 15555
44555 25555
44555 35555
44555 45555
44555 55555
45555 15555
45555 25555
45555 35555
45555 45555
45555 55555
55555 15555
55555 25555
55555 35555
55555 45555
55555 55555
