11122 23333
11122 23334
11122 23335
11122 23344
11122 23345
11122 23355
11122 23444
11122 23445
11122 23455
11122 23555
11122 24444
11122 24445
11122 24455
11122 24555
11122 25555
11122 33333
11122 33334
11122 33335
11122 33344
11122 33345
11122 33355
11122 33444
11122 33445
11122 33455
11122 33555
11122 34444
11122 34445
11122 34455
11122 34555
11122 35555
11122 44444
11122 44445
11122 44455
11122 44555
11122 45555
11122 55555
11123 22333
11123 22334
11123 22335
11123 22344
11123 22345
11123 22355
11123 22444
11123 22445
11123 22455
11123 22555
11123 23333
11123 23334
11123 23335
11123 23344
11123 23345
11123 23355
11123 23444
11123 23445
11123 23455
11123 23555
11123 24444
11123 24445
11123 24455
11123 24555
11123 25555
11123 33333
11123 33334
11123 33335
11123 33344
11123 33345
11123 33355
11123 33444
11123 33445
11123 33455
11123 33555
11123 34444
11123 34445
11123 34455
11123 34555
11123 35555
11123 44444
11123 44445
11123 44455
11123 44555
11123 45555
11123 55555
11124 22333
11124 22334
11124 22335
11124 22344
11124 22345
11124 22355
11124 22444
11124 22445
11124 22455
11124 22555
11124 23333
11124 23334
11124 23335
11124 23344
11124 23345
11124 23355
11124 23444
11124 23445
11124 23455
11124 23555
11124 24444
11124 24445
11124 24455
11124 24555
11124 25555
11124 33333
11124 33334
11124 33335
11124 33344
11124 33345
11124 33355
11124 33444
11124 33445
11124 33455
11124 33555
11124 34444
11124 34445
11124 34455
11124 34555
11124 35555
11124 44444
11124 44445
11124 44455
11124 44555
11124 45555
11124 55555
11125 22333
11125 22334
11125 22335
11125 22344
11125 22345
11125 22355
11125 22444
11125 22445
11125 22455
11125 22555
11125 23333
11125 23334
11125 23335
11125 23344
11125 23345
11125 23355
11125 23444
11125 23445
11125 23455
11125 23555
11125 24444
11125 24445
11125 24455
11125 24555
11125 25555
11125 33333
11125 33334
11125 33335
11125 33344
11125 33345
11125 33355
11125 33444
11125 33445
11125 33455
11125 33555
11125 34444
11125 34445
11125 34455
11125 34555
11125 35555
11125 44444
11125 44445
11125 44455
11125 44555
11125 45555
11125 55555
11133 22233
11133 22234
11133 22235
11133 22244
11133 22245
11133 22255
11133 22333
11133 22334
11133 22335
11133 22344
11133 22345
11133 22355
11133 22444
11133 22445
11133 22455
11133 22555
11133 23333
11133 23334
11133 23335
11133 23344
11133 23345
11133 23355
11133 23444
11133 23445
11133 23455
11133 23555
11133 24444
11133 24445
11133 24455
11133 24555
11133 25555
11133 33333
11133 33334
11133 33335
11133 33344
11133 33345
11133 33355
11133 33444
11133 33445
11133 33455
11133 33555
11133 34444
11133 34445
11133 34455
11133 34555
11133 35555
11133 44444
11133 44445
11133 44455
11133 44555
11133 45555
11133 55555
11134 22233
11134 22234
11134 22235
11134 22244
11134 22245
11134 22255
11134 22333
11134 22334
11134 22335
11134 22344
11134 22345
11134 22355
11134 22444
11134 22445
11134 22455
11134 22555
11134 23333
11134 23334
11134 23335
11134 23344
11134 23345
11134 23355
11134 23444
11134 23445
11134 23455
11134 23555
11134 24444
11134 24445
11134 24455
11134 24555
11134 25555
11134 33333
11134 33334
11134 33335
11134 33344
11134 33345
11134 33355
11134 33444
11134 33445
11134 33455
11134 33555
11134 34444
11134 34445
11134 34455
11134 34555
11134 35555
11134 44444
11134 44445
11134 44455
11134 44555
11134 45555
11134 55555
11135 22233
11135 22234
11135 22235
11135 22244
11135 22245
11135 22255
11135 22333
11135 22334
11135 22335
11135 22344
11135 22345
11135 22355
11135 22444
11135 22445
11135 22455
11135 22555
11135 23333
11135 23334
11135 23335
11135 23344
11135 23345
11135 23355
11135 23444
11135 23445
11135 23455
11135 23555
11135 24444
11135 24445
11135 24455
11135 24555
11135 25555
11135 33333
11135 33334
11135 33335
11135 33344
11135 33345
11135 33355
11135 33444
11135 33445
11135 33455
11135 33555
11135 34444
11135 34445
11135 34455
11135 34555
11135 35555
11135 44444
11135 44445
11135 44455
11135 44555
11135 45555
11135 55555
11144 22233
11144 22234
11144 22235
11144 22244
11144 22245
11144 22255
11144 22333
11144 22334
11144 22335
11144 22344
11144 22345
11144 22355
11144 22444
11144 22445
11144 22455
11144 22555
11144 23333
11144 23334
11144 23335
11144 23344
11144 23345
11144 23355
11144 23444
11144 23445
11144 23455
11144 23555
11144 24444
11144 24445
11144 24455
11144 24555
11144 25555
11144 33333
11144 33334
11144 33335
11144 33344
11144 33345
11144 33355
11144 33444
11144 33445
11144 33455
11144 33555
11144 34444
11144 34445
11144 34455
11144 34555
11144 35555
11144 44444
11144 44445
11144 44455
11144 44555
11144 45555
11144 55555
11145 22233
11145 22234
11145 22235
11145 22244
11145 22245
11145 22255
11145 22333
11145 22334
11145 22335
11145 22344
11145 22345
11145 22355
11145 22444
11145 22445
11145 22455
11145 22555
11145 23333
11145 23334
11145 23335
11145 23344
11145 23345
11145 23355
11145 23444
11145 23445
11145 23455
11145 23555
11145 24444
11145 24445
11145 24455
11145 24555
11145 25555
11145 33333
11145 33334
11145 33335
11145 33344
11145 33345
11145 33355
11145 33444
11145 33445
11145 33455
11145 33555
11145 34444
11145 34445
11145 34455
11145 34555
11145 35555
11145 44444
11145 44445
11145 44455
11145 44555
11145 45555
11145 55555
11155 22233
11155 22234
11155 22235
11155 22244
11155 22245
11155 22255
11155 22333
11155 22334
11155 22335
11155 22344
11155 22345
11155 22355
11155 22444
11155 22445
11155 22455
11155 22555
11155 23333
11155 23334
11155 23335
11155 23344
11155 23345
11155 23355
11155 23444
11155 23445
11155 23455
11155 23555
11155 24444
11155 24445
11155 24455
11155 24555
11155 25555
11155 33333
11155 33334
11155 33335
11155 33344
11155 33345
11155 33355
11155 33444
11155 33445
11155 33455
11155 33555
11155 34444
11155 34445
11155 34455
11155 34555
11155 35555
11155 44444
11155 44445
11155 44455
11155 44555
11155 45555
11155 55555
11222 33333
11222 33334
11222 33335
11222 33344
11222 33345
11222 33355
11222 33444
11222 33445
11222 33455
11222 33555
11222 34444
11222 34445
11222 34455
11222 34555
11222 35555
11222 44444
11222 44445
11222 44455
11222 44555
11222 45555
11222 55555
11223 23333
11223 23334
11223 23335
11223 23344
11223 23345
11223 23355
11223 23444
11223 23445
11223 23455
11223 23555
11223 24444
11223 24445
11223 24455
11223 24555
11223 25555
11223 33333
11223 33334
11223 33335
11223 33344
11223 33345
11223 33355
11223 33444
11223 33445
11223 33455
11223 33555
11223 34444
11223 34445
11223 34455
11223 34555
11223 35555
11223 44444
11223 44445
11223 44455
11223 44555
11223 45555
11223 55555
11224 23333
11224 23334
11224 23335
11224 23344
11224 23345
11224 23355
11224 23444
11224 23445
11224 23455
11224 23555
11224 24444
11224 24445
11224 24455
11224 24555
11224 25555
11224 33333
11224 33334
11224 33335
11224 33344
11224 33345
11224 33355
11224 33444
11224 33445
11224 33455
11224 33555
11224 34444
11224 34445
11224 34455
11224 34555
11224 35555
11224 44444
11224 44445
11224 44455
11224 44555
11224 45555
11224 55555
11225 23333
11225 23334
11225 23335
11225 23344
11225 23345
11225 23355
11225 23444
11225 23445
11225 23455
11225 23555
11225 24444
11225 24445
11225 24455
11225 24555
11225 25555
11225 33333
11225 33334
11225 33335
11225 33344
11225 33345
11225 33355
11225 33444
11225 33445
11225 33455
11225 33555
11225 34444
11225 34445
11225 34455
11225 34555
11225 35555
11225 44444
11225 44445
11225 44455
11225 44555
11225 45555
11225 55555
11233 22333
11233 22334
11233 22335
11233 22344
11233 22345
11233 22355
11233 22444
11233 22445
11233 22455
11233 22555
11233 23333
11233 23334
11233 23335
11233 23344
11233 23345
11233 23355
11233 23444
11233 23445
11233 23455
11233 23555
11233 24444
11233 24445
11233 24455
11233 24555
11233 25555
11233 33333
11233 33334
11233 33335
11233 33344
11233 33345
11233 33355
11233 33444
11233 33445
11233 33455
11233 33555
11233 34444
11233 34445
11233 34455
11233 34555
11233 35555
11233 44444
11233 44445
11233 44455
11233 44555
11233 45555
11233 55555
11234 22333
11234 22334
11234 22335
11234 22344
11234 22345
11234 22355
11234 22444
11234 22445
11234 22455
11234 22555
11234 23333
11234 23334
11234 23335
11234 23344
11234 23345
11234 23355
11234 23444
11234 23445
11234 23455
11234 23555
11234 24444
11234 24445
11234 24455
11234 24555
11234 25555
11234 33333
11234 33334
11234 33335
11234 33344
11234 33345
11234 33355
11234 33444
11234 33445
11234 33455
11234 33555
11234 34444
11234 34445
11234 34455
11234 34555
11234 35555
11234 44444
11234 44445
11234 44455
11234 44555
11234 45555
11234 55555
11235 22333
11235 22334
11235 22335
11235 22344
11235 22345
11235 22355
11235 22444
11235 22445
11235 22455
11235 22555
11235 23333
11235 23334
11235 23335
11235 23344
11235 23345
11235 23355
11235 23444
11235 23445
11235 23455
11235 23555
11235 24444
11235 24445
11235 24455
11235 24555
11235 25555
11235 33333
11235 33334
11235 33335
11235 33344
11235 33345
11235 33355
11235 33444
11235 33445
11235 33455
11235 33555
11235 34444
11235 34445
11235 34455
11235 34555
11235 35555
11235 44444
11235 44445
11235 44455
11235 44555
11235 45555
11235 55555
11244 22333
11244 22334
11244 22335
11244 22344
11244 22345
11244 22355
11244 22444
11244 22445
11244 22455
11244 22555
11244 23333
11244 23334
11244 23335
11244 23344
11244 23345
11244 23355
11244 23444
11244 23445
11244 23455
11244 23555
11244 24444
11244 24445
11244 24455
11244 24555
11244 25555
11244 33333
11244 33334
11244 33335
11244 33344
11244 33345
11244 33355
11244 33444
11244 33445
11244 33455
11244 33555
11244 34444
11244 34445
11244 34455
11244 34555
11244 35555
11244 44444
11244 44445
11244 44455
11244 44555
11244 45555
11244 55555
11245 22333
11245 22334
11245 22335
11245 22344
11245 22345
11245 22355
11245 22444
11245 22445
11245 22455
11245 22555
11245 23333
11245 23334
11245 23335
11245 23344
11245 23345
11245 23355
11245 23444
11245 23445
11245 23455
11245 23555
11245 24444
11245 24445
11245 24455
11245 24555
11245 25555
11245 33333
11245 33334
11245 33335
11245 33344
11245 33345
11245 33355
11245 33444
11245 33445
11245 33455
11245 33555
11245 34444
11245 34445
11245 34455
11245 34555
11245 35555
11245 44444
11245 44445
11245 44455
11245 44555
11245 45555
11245 55555
11255 22333
11255 22334
11255 22335
11255 22344
11255 22345
11255 22355
11255 22444
11255 22445
11255 22455
11255 22555
11255 23333
11255 23334
11255 23335
11255 23344
11255 23345
11255 23355
11255 23444
11255 23445
11255 23455
11255 23555
11255 24444
11255 24445
11255 24455
11255 24555
11255 25555
11255 33333
11255 33334
11255 33335
11255 33344
11255 33345
11255 33355
11255 33444
11255 33445
11255 33455
11255 33555
11255 34444
11255 34445
11255 34455
11255 34555
11255 35555
11255 44444
11255 44445
11255 44455
11255 44555
11255 45555
11255 55555
11333 22233
11333 22234
11333 22235
11333 22244
11333 22245
11333 22255
11333 22333
11333 22334
11333 22335
11333 22344
11333 22345
11333 22355
11333 22444
11333 22445
11333 22455
11333 22555
11333 23333
11333 23334
11333 23335
11333 23344
11333 23345
11333 23355
11333 23444
11333 23445
11333 23455
11333 23555
11333 24444
11333 24445
11333 24455
11333 24555
11333 25555
11333 33333
11333 33334
11333 33335
11333 33344
11333 33345
11333 33355
11333 33444
11333 33445
11333 33455
11333 33555
11333 34444
11333 34445
11333 34455
11333 34555
11333 35555
11333 44444
11333 44445
11333 44455
11333 44555
11333 45555
11333 55555
11334 22233
11334 22234
11334 22235
11334 22244
11334 22245
11334 22255
11334 22333
11334 22334
11334 22335
11334 22344
11334 22345
11334 22355
11334 22444
11334 22445
11334 22455
11334 22555
11334 23333
11334 23334
11334 23335
11334 23344
11334 23345
11334 23355
11334 23444
11334 23445
11334 23455
11334 23555
11334 24444
11334 24445
11334 24455
11334 24555
11334 25555
11334 33333
11334 33334
11334 33335
11334 33344
11334 33345
11334 33355
11334 33444
11334 33445
11334 33455
11334 33555
11334 34444
11334 34445
11334 34455
11334 34555
11334 35555
11334 44444
11334 44445
11334 44455
11334 44555
11334 45555
11334 55555
11335 22233
11335 22234
11335 22235
11335 22244
11335 22245
11335 22255
11335 22333
11335 22334
11335 22335
11335 22344
11335 22345
11335 22355
11335 22444
11335 22445
11335 22455
11335 22555
11335 23333
11335 23334
11335 23335
11335 23344
11335 23345
11335 23355
11335 23444
11335 23445
11335 23455
11335 23555
11335 24444
11335 24445
11335 24455
11335 24555
11335 25555
11335 33333
11335 33334
11335 33335
11335 33344
11335 33345
11335 33355
11335 33444
11335 33445
11335 33455
11335 33555
11335 34444
11335 34445
11335 34455
11335 34555
11335 35555
11335 44444
11335 44445
11335 44455
11335 44555
11335 45555
11335 55555
11344 22233
11344 22234
11344 22235
11344 22244
11344 22245
11344 22255
11344 22333
11344 22334
11344 22335
11344 22344
11344 22345
11344 22355
11344 22444
11344 22445
11344 22455
11344 22555
11344 23333
11344 23334
11344 23335
11344 23344
11344 23345
11344 23355
11344 23444
11344 23445
11344 23455
11344 23555
11344 24444
11344 24445
11344 24455
11344 24555
11344 25555
11344 33333
11344 33334
11344 33335
11344 33344
11344 33345
11344 33355
11344 33444
11344 33445
11344 33455
11344 33555
11344 34444
11344 34445
11344 34455
11344 34555
11344 35555
11344 44444
11344 44445
11344 44455
11344 44555
11344 45555
11344 55555
11345 22233
11345 22234
11345 22235
11345 22244
11345 22245
11345 22255
11345 22333
11345 22334
11345 22335
11345 22344
11345 22345
11345 22355
11345 22444
11345 22445
11345 22455
11345 22555
11345 23333
11345 23334
11345 23335
11345 23344
11345 23345
11345 23355
11345 23444
11345 23445
11345 23455
11345 23555
11345 24444
11345 24445
11345 24455
11345 24555
11345 25555
11345 33333
11345 33334
11345 33335
11345 33344
11345 33345
11345 33355
11345 33444
11345 33445
11345 33455
11345 33555
11345 34444
11345 34445
11345 34455
11345 34555
11345 35555
11345 44444
11345 44445
11345 44455
11345 44555
11345 45555
11345 55555
11355 22233
11355 22234
11355 22235
11355 22244
11355 22245
11355 22255
11355 22333
11355 22334
11355 22335
11355 22344
11355 22345
11355 22355
11355 22444
11355 22445
11355 22455
11355 22555
11355 23333
11355 23334
11355 23335
11355 23344
11355 23345
11355 23355
11355 23444
11355 23445
11355 23455
11355 23555
11355 24444
11355 24445
11355 24455
11355 24555
11355 25555
11355 33333
11355 33334
11355 33335
11355 33344
11355 33345
11355 33355
11355 33444
11355 33445
11355 33455
11355 33555
11355 34444
11355 34445
11355 34455
11355 34555
11355 35555
11355 44444
11355 44445
11355 44455
11355 44555
11355 45555
11355 55555
11444 22233
11444 22234
11444 22235
11444 22244
11444 22245
11444 22255
11444 22333
11444 22334
11444 22335
11444 22344
11444 22345
11444 22355
11444 22444
11444 22445
11444 22455
11444 22555
11444 23333
11444 23334
11444 23335
11444 23344
11444 23345
11444 23355
11444 23444
11444 23445
11444 23455
11444 23555
11444 24444
11444 24445
11444 24455
11444 24555
11444 25555
11444 33333
11444 33334
11444 33335
11444 33344
11444 33345
11444 33355
11444 33444
11444 33445
11444 33455
11444 33555
11444 34444
11444 34445
11444 34455
11444 34555
11444 35555
11444 44444
11444 44445
11444 44455
11444 44555
11444 45555
11444 55555
11445 22233
11445 22234
11445 22235
11445 22244
11445 22245
11445 22255
11445 22333
11445 22334
11445 22335
11445 22344
11445 22345
11445 22355
11445 22444
11445 22445
11445 22455
11445 22555
11445 23333
11445 23334
11445 23335
11445 23344
11445 23345
11445 23355
11445 23444
11445 23445
11445 23455
11445 23555
11445 24444
11445 24445
11445 24455
11445 24555
11445 25555
11445 33333
11445 33334
11445 33335
11445 33344
11445 33345
11445 33355
11445 33444
11445 33445
11445 33455
11445 33555
11445 34444
11445 34445
11445 34455
11445 34555
11445 35555
11445 44444
11445 44445
11445 44455
11445 44555
11445 45555
11445 55555
11455 22233
11455 22234
11455 22235
11455 22244
11455 22245
11455 22255
11455 22333
11455 22334
11455 22335
11455 22344
11455 22345
11455 22355
11455 22444
11455 22445
11455 22455
11455 22555
11455 23333
11455 23334
11455 23335
11455 23344
11455 23345
11455 23355
11455 23444
11455 23445
11455 23455
11455 23555
11455 24444
11455 24445
11455 24455
11455 24555
11455 25555
11455 33333
11455 33334
11455 33335
11455 33344
11455 33345
11455 33355
11455 33444
11455 33445
11455 33455
11455 33555
11455 34444
11455 34445
11455 34455
11455 34555
11455 35555
11455 44444
11455 44445
11455 44455
11455 44555
11455 45555
11455 55555
11555 22233
11555 22234
11555 22235
11555 22244
11555 22245
11555 22255
11555 22333
11555 22334
11555 22335
11555 22344
11555 22345
11555 22355
11555 22444
11555 22445
11555 22455
11555 22555
11555 23333
11555 23334
11555 23335
11555 23344
11555 23345
11555 23355
11555 23444
11555 23445
11555 23455
11555 23555
11555 24444
11555 24445
11555 24455
11555 24555
11555 25555
11555 33333
11555 33334
11555 33335
11555 33344
11555 33345
11555 33355
11555 33444
11555 33445
11555 33455
11555 33555
11555 34444
11555 34445
11555 34455
11555 34555
11555 35555
11555 44444
11555 44445
11555 44455
11555 44555
11555 45555
11555 55555
12223 33333
12223 33334
12223 33335
12223 33344
12223 33345
12223 33355
12223 33444
12223 33445
12223 33455
12223 33555
12223 34444
12223 34445
12223 34455
12223 34555
12223 35555
12223 44444
12223 44445
12223 44455
12223 44555
12223 45555
12223 55555
12224 33333
12224 33334
12224 33335
12224 33344
12224 33345
12224 33355
12224 33444
12224 33445
12224 33455
12224 33555
12224 34444
12224 34445
12224 34455
12224 34555
12224 35555
12224 44444
12224 44445
12224 44455
12224 44555
12224 45555
12224 55555
12225 33333
12225 33334
12225 33335
12225 33344
12225 33345
12225 33355
12225 33444
12225 33445
12225 33455
12225 33555
12225 34444
12225 34445
12225 34455
12225 34555
12225 35555
12225 44444
12225 44445
12225 44455
12225 44555
12225 45555
12225 55555
12233 23333
12233 23334
12233 23335
12233 23344
12233 23345
12233 23355
12233 23444
12233 23445
12233 23455
12233 23555
12233 24444
12233 24445
12233 24455
12233 24555
12233 25555
12233 33333
12233 33334
12233 33335
12233 33344
12233 33345
12233 33355
12233 33444
12233 33445
12233 33455
12233 33555
12233 34444
12233 34445
12233 34455
12233 34555
12233 35555
12233 44444
12233 44445
12233 44455
12233 44555
12233 45555
12233 55555
12234 23333
12234 23334
12234 23335
12234 23344
12234 23345
12234 23355
12234 23444
12234 23445
12234 23455
12234 23555
12234 24444
12234 24445
12234 24455
12234 24555
12234 25555
12234 33333
12234 33334
12234 33335
12234 33344
12234 33345
12234 33355
12234 33444
12234 33445
12234 33455
12234 33555
12234 34444
12234 34445
12234 34455
12234 34555
12234 35555
12234 44444
12234 44445
12234 44455
12234 44555
12234 45555
12234 55555
12235 23333
12235 23334
12235 23335
12235 23344
12235 23345
12235 23355
12235 23444
12235 23445
12235 23455
12235 23555
12235 24444
12235 24445
12235 24455
12235 24555
12235 25555
12235 33333
12235 33334
12235 33335
12235 33344
12235 33345
12235 33355
12235 33444
12235 33445
12235 33455
12235 33555
12235 34444
12235 34445
12235 34455
12235 34555
12235 35555
12235 44444
12235 44445
12235 44455
12235 44555
12235 45555
12235 55555
12244 23333
12244 23334
12244 23335
12244 23344
12244 23345
12244 23355
12244 23444
12244 23445
12244 23455
12244 23555
12244 24444
12244 24445
12244 24455
12244 24555
12244 25555
12244 33333
12244 33334
12244 33335
12244 33344
12244 33345
12244 33355
12244 33444
12244 33445
12244 33455
12244 33555
12244 34444
12244 34445
12244 34455
12244 34555
12244 35555
12244 44444
12244 44445
12244 44455
12244 44555
12244 45555
12244 55555
12245 23333
12245 23334
12245 23335
12245 23344
12245 23345
12245 23355
12245 23444
12245 23445
12245 23455
12245 23555
12245 24444
12245 24445
12245 24455
12245 24555
12245 25555
12245 33333
12245 33334
12245 33335
12245 33344
12245 33345
12245 33355
12245 33444
12245 33445
12245 33455
12245 33555
12245 34444
12245 34445
12245 34455
12245 34555
12245 35555
12245 44444
12245 44445
12245 44455
12245 44555
12245 45555
12245 55555
12255 23333
12255 23334
12255 23335
12255 23344
12255 23345
12255 23355
12255 23444
12255 23445
12255 23455
12255 23555
12255 24444
12255 24445
12255 24455
12255 24555
12255 25555
12255 33333
12255 33334
12255 33335
12255 33344
12255 33345
12255 33355
12255 33444
12255 33445
12255 33455
12255 33555
12255 34444
12255 34445
12255 34455
12255 34555
12255 35555
12255 44444
12255 44445
12255 44455
12255 44555
12255 45555
12255 55555
12333 23333
12333 23334
12333 23335
12333 23344
12333 23345
12333 23355
12333 23444
12333 23445
12333 23455
12333 23555
12333 24444
12333 24445
12333 24455
12333 24555
12333 25555
12333 33333
12333 33334
12333 33335
12333 33344
12333 33345
12333 33355
12333 33444
12333 33445
12333 33455
12333 33555
12333 34444
12333 34445
12333 34455
12333 34555
12333 35555
12333 44444
12333 44445
12333 44455
12333 44555
12333 45555
12333 55555
12334 23333
12334 23334
12334 23335
12334 23344
12334 23345
12334 23355
12334 23444
12334 23445
12334 23455
12334 23555
12334 24444
12334 24445
12334 24455
12334 24555
12334 25555
12334 33333
12334 33334
12334 33335
12334 33344
12334 33345
12334 33355
12334 33444
12334 33445
12334 33455
12334 33555
12334 34444
12334 34445
12334 34455
12334 34555
12334 35555
12334 44444
12334 44445
12334 44455
12334 44555
12334 45555
12334 55555
12335 23333
12335 23334
12335 23335
12335 23344
12335 23345
12335 23355
12335 23444
12335 23445
12335 23455
12335 23555
12335 24444
12335 24445
12335 24455
12335 24555
12335 25555
12335 33333
12335 33334
12335 33335
12335 33344
12335 33345
12335 33355
12335 33444
12335 33445
12335 33455
12335 33555
12335 34444
12335 34445
12335 34455
12335 34555
12335 35555
12335 44444
12335 44445
12335 44455
12335 44555
12335 45555
12335 55555
12344 23333
12344 23334
12344 23335
12344 23344
12344 23345
12344 23355
12344 23444
12344 23445
12344 23455
12344 23555
12344 24444
12344 24445
12344 24455
12344 24555
12344 25555
12344 33333
12344 33334
12344 33335
12344 33344
12344 33345
12344 33355
12344 33444
12344 33445
12344 33455
12344 33555
12344 34444
12344 34445
12344 34455
12344 34555
12344 35555
12344 44444
12344 44445
12344 44455
12344 44555
12344 45555
12344 55555
12345 23333
12345 23334
12345 23335
12345 23344
12345 23345
12345 23355
12345 23444
12345 23445
12345 23455
12345 23555
12345 24444
12345 24445
12345 24455
12345 24555
12345 25555
12345 33333
12345 33334
12345 33335
12345 33344
12345 33345
12345 33355
12345 33444
12345 33445
12345 33455
12345 33555
12345 34444
12345 34445
12345 34455
12345 34555
12345 35555
12345 44444
12345 44445
12345 44455
12345 44555
12345 45555
12345 55555
12355 23333
12355 23334
12355 23335
12355 23344
12355 23345
12355 23355
12355 23444
12355 23445
12355 23455
12355 23555
12355 24444
12355 24445
12355 24455
12355 24555
12355 25555
12355 33333
12355 33334
12355 33335
12355 33344
12355 33345
12355 33355
12355 33444
12355 33445
12355 33455
12355 33555
12355 34444
12355 34445
12355 34455
12355 34555
12355 35555
12355 44444
12355 44445
12355 44455
12355 44555
12355 45555
12355 55555
12444 23333
12444 23334
12444 23335
12444 23344
12444 23345
12444 23355
12444 23444
12444 23445
12444 23455
12444 23555
12444 24444
12444 24445
12444 24455
12444 24555
12444 25555
12444 33333
12444 33334
12444 33335
12444 33344
12444 33345
12444 33355
12444 33444
12444 33445
12444 33455
12444 33555
12444 34444
12444 34445
12444 34455
12444 34555
12444 35555
12444 44444
12444 44445
12444 44455
12444 44555
12444 45555
12444 55555
12445 23333
12445 23334
12445 23335
12445 23344
12445 23345
12445 23355
12445 23444
12445 23445
12445 23455
12445 23555
12445 24444
12445 24445
12445 24455
12445 24555
12445 25555
12445 33333
12445 33334
12445 33335
12445 33344
12445 33345
12445 33355
12445 33444
12445 33445
12445 33455
12445 33555
12445 34444
12445 34445
12445 34455
12445 34555
12445 35555
12445 44444
12445 44445
12445 44455
12445 44555
12445 45555
12445 55555
12455 23333
12455 23334
12455 23335
12455 23344
12455 23345
12455 23355
12455 23444
12455 23445
12455 23455
12455 23555
12455 24444
12455 24445
12455 24455
12455 24555
12455 25555
12455 33333
12455 33334
12455 33335
12455 33344
12455 33345
12455 33355
12455 33444
12455 33445
12455 33455
12455 33555
12455 34444
12455 34445
12455 34455
12455 34555
12455 35555
12455 44444
12455 44445
12455 44455
12455 44555
12455 45555
12455 55555
12555 23333
12555 23334
12555 23335
12555 23344
12555 23345
12555 23355
12555 23444
12555 23445
12555 23455
12555 23555
12555 24444
12555 24445
12555 24455
12555 24555
12555 25555
12555 33333
12555 33334
12555 33335
12555 33344
12555 33345
12555 33355
12555 33444
12555 33445
12555 33455
12555 33555
12555 34444
12555 34445
12555 34455
12555 34555
12555 35555
12555 44444
12555 44445
12555 44455
12555 44555
12555 45555
12555 55555
13333 23444
13333 23445
13333 23455
13333 23555
13333 24444
13333 24445
13333 24455
13333 24555
13333 25555
13333 33444
13333 33445
13333 33455
13333 33555
13333 34444
13333 34445
13333 34455
13333 34555
13333 35555
13333 44444
13333 44445
13333 44455
13333 44555
13333 45555
13333 55555
13334 23444
13334 23445
13334 23455
13334 23555
13334 24444
13334 24445
13334 24455
13334 24555
13334 25555
13334 33444
13334 33445
13334 33455
13334 33555
13334 34444
13334 34445
13334 34455
13334 34555
13334 35555
13334 44444
13334 44445
13334 44455
13334 44555
13334 45555
13334 55555
13335 23444
13335 23445
13335 23455
13335 23555
13335 24444
13335 24445
13335 24455
13335 24555
13335 25555
13335 33444
13335 33445
13335 33455
13335 33555
13335 34444
13335 34445
13335 34455
13335 34555
13335 35555
13335 44444
13335 44445
13335 44455
13335 44555
13335 45555
13335 55555
13344 24444
13344 24445
13344 24455
13344 24555
13344 25555
13344 33555
13344 34444
13344 34445
13344 34455
13344 34555
13344 35555
13344 44444
13344 44445
13344 44455
13344 44555
13344 45555
13344 55555
13345 24444
13345 24445
13345 24455
13345 24555
13345 25555
13345 33555
13345 34444
13345 34445
13345 34455
13345 34555
13345 35555
13345 44444
13345 44445
13345 44455
13345 44555
13345 45555
13345 55555
13355 24444
13355 24445
13355 24455
13355 24555
13355 25555
13355 34444
13355 34445
13355 34455
13355 34555
13355 35555
13355 44444
13355 44445
13355 44455
13355 44555
13355 45555
13355 55555
13444 24444
13444 24445
13444 24455
13444 24555
13444 25555
13444 34444
13444 34445
13444 34455
13444 34555
13444 35555
13444 44444
13444 44445
13444 44455
13444 44555
13444 45555
13444 55555
13445 24444
13445 24445
13445 24455
13445 24555
13445 25555
13445 34444
13445 34445
13445 34455
13445 34555
13445 35555
13445 44444
13445 44445
13445 44455
13445 44555
13445 45555
13445 55555
13455 24444
13455 24445
13455 24455
13455 24555
13455 25555
13455 34444
13455 34445
13455 34455
13455 34555
13455 35555
13455 44444
13455 44445
13455 44455
13455 44555
13455 45555
13455 55555
13555 24444
13555 24445
13555 24455
13555 24555
13555 25555
13555 34444
13555 34445
13555 34455
13555 34555
13555 35555
13555 44444
13555 44445
13555 44455
13555 44555
13555 45555
13555 55555
14444 24555
14444 25555
14444 34555
14444 35555
14444 44555
14444 45555
14444 55555
14445 24555
14445 25555
14445 34555
14445 35555
14445 44555
14445 45555
14445 55555
14455 25555
14455 35555
14455 45555
14455 55555
14555 25555
14555 35555
14555 45555
14555 55555
22233 33333
22233 33334
22233 33335
22233 33344
22233 33345
22233 33355
22233 33444
22233 33445
22233 33455
22233 33555
22233 34444
22233 34445
22233 34455
22233 34555
22233 35555
22233 44444
22233 44445
22233 44455
22233 44555
22233 45555
22233 55555
22234 33333
22234 33334
22234 33335
22234 33344
22234 33345
22234 33355
22234 33444
22234 33445
22234 33455
22234 33555
22234 34444
22234 34445
22234 34455
22234 34555
22234 35555
22234 44444
22234 44445
22234 44455
22234 44555
22234 45555
22234 55555
22235 33333
22235 33334
22235 33335
22235 33344
22235 33345
22235 33355
22235 33444
22235 33445
22235 33455
22235 33555
22235 34444
22235 34445
22235 34455
22235 34555
22235 35555
22235 44444
22235 44445
22235 44455
22235 44555
22235 45555
22235 55555
22244 33333
22244 33334
22244 33335
22244 33344
22244 33345
22244 33355
22244 33444
22244 33445
22244 33455
22244 33555
22244 34444
22244 34445
22244 34455
22244 34555
22244 35555
22244 44444
22244 44445
22244 44455
22244 44555
22244 45555
22244 55555
22245 33333
22245 33334
22245 33335
22245 33344
22245 33345
22245 33355
22245 33444
22245 33445
22245 33455
22245 33555
22245 34444
22245 34445
22245 34455
22245 34555
22245 35555
22245 44444
22245 44445
22245 44455
22245 44555
22245 45555
22245 55555
22255 33333
22255 33334
22255 33335
22255 33344
22255 33345
22255 33355
22255 33444
22255 33445
22255 33455
22255 33555
22255 34444
22255 34445
22255 34455
22255 34555
22255 35555
22255 44444
22255 44445
22255 44455
22255 44555
22255 45555
22255 55555
22333 33333
22333 33334
22333 33335
22333 33344
22333 33345
22333 33355
22333 33444
22333 33445
22333 33455
22333 33555
22333 34444
22333 34445
22333 34455
22333 34555
22333 35555
22333 44444
22333 44445
22333 44455
22333 44555
22333 45555
22333 55555
22334 33333
22334 33334
22334 33335
22334 33344
22334 33345
22334 33355
22334 33444
22334 33445
22334 33455
22334 33555
22334 34444
22334 34445
22334 34455
22334 34555
22334 35555
22334 44444
22334 44445
22334 44455
22334 44555
22334 45555
22334 55555
22335 33333
22335 33334
22335 33335
22335 33344
22335 33345
22335 33355
22335 33444
22335 33445
22335 33455
22335 33555
22335 34444
22335 34445
22335 34455
22335 34555
22335 35555
22335 44444
22335 44445
22335 44455
22335 44555
22335 45555
22335 55555
22344 33333
22344 33334
22344 33335
22344 33344
22344 33345
22344 33355
22344 33444
22344 33445
22344 33455
22344 33555
22344 34444
22344 34445
22344 34455
22344 34555
22344 35555
22344 44444
22344 44445
22344 44455
22344 44555
22344 45555
22344 55555
22345 33333
22345 33334
22345 33335
22345 33344
22345 33345
22345 33355
22345 33444
22345 33445
22345 33455
22345 33555
22345 34444
22345 34445
22345 34455
22345 34555
22345 35555
22345 44444
22345 44445
22345 44455
22345 44555
22345 45555
22345 55555
22355 33333
22355 33334
22355 33335
22355 33344
22355 33345
22355 33355
22355 33444
22355 33445
22355 33455
22355 33555
22355 34444
22355 34445
22355 34455
22355 34555
22355 35555
22355 44444
22355 44445
22355 44455
22355 44555
22355 45555
22355 55555
22444 33333
22444 33334
22444 33335
22444 33344
22444 33345
22444 33355
22444 33444
22444 33445
22444 33455
22444 33555
22444 34444
22444 34445
22444 34455
22444 34555
22444 35555
22444 44444
22444 44445
22444 44455
22444 44555
22444 45555
22444 55555
22445 33333
22445 33334
22445 33335
22445 33344
22445 33345
22445 33355
22445 33444
22445 33445
22445 33455
22445 33555
22445 34444
22445 34445
22445 34455
22445 34555
22445 35555
22445 44444
22445 44445
22445 44455
22445 44555
22445 45555
22445 55555
22455 33333
22455 33334
22455 33335
22455 33344
22455 33345
22455 33355
22455 33444
22455 33445
22455 33455
22455 33555
22455 34444
22455 34445
22455 34455
22455 34555
22455 35555
22455 44444
22455 44445
22455 44455
22455 44555
22455 45555
22455 55555
22555 33333
22555 33334
22555 33335
22555 33344
22555 33345
22555 33355
22555 33444
22555 33445
22555 33455
22555 33555
22555 34444
22555 34445
22555 34455
22555 34555
22555 35555
22555 44444
22555 44445
22555 44455
22555 44555
22555 45555
22555 55555
23333 33444
23333 33445
23333 33455
23333 33555
23333 34444
23333 34445
23333 34455
23333 34555
23333 35555
23333 44444
23333 44445
23333 44455
23333 44555
23333 45555
23333 55555
23334 33444
23334 33445
23334 33455
23334 33555
23334 34444
23334 34445
23334 34455
23334 34555
23334 35555
23334 44444
23334 44445
23334 44455
23334 44555
23334 45555
23334 55555
23335 33444
23335 33445
23335 33455
23335 33555
23335 34444
23335 34445
23335 34455
23335 34555
23335 35555
23335 44444
23335 44445
23335 44455
23335 44555
23335 45555
23335 55555
23344 33555
23344 34444
23344 34445
23344 34455
23344 34555
23344 35555
23344 44444
23344 44445
23344 44455
23344 44555
23344 45555
23344 55555
23345 33555
23345 34444
23345 34445
23345 34455
23345 34555
23345 35555
23345 44444
23345 44445
23345 44455
23345 44555
23345 45555
23345 55555
23355 34444
23355 34445
23355 34455
23355 34555
23355 35555
23355 44444
23355 44445
23355 44455
23355 44555
23355 45555
23355 55555
23444 34444
23444 34445
23444 34455
23444 34555
23444 35555
23444 44444
23444 44445
23444 44455
23444 44555
23444 45555
23444 55555
23445 34444
23445 34445
23445 34455
23445 34555
23445 35555
23445 44444
23445 44445
23445 44455
23445 44555
23445 45555
23445 55555
23455 34444
23455 34445
23455 34455
23455 34555
23455 35555
23455 44444
23455 44445
23455 44455
23455 44555
23455 45555
23455 55555
23555 34444
23555 34445
23555 34455
23555 34555
23555 35555
23555 44444
23555 44445
23555 44455
23555 44555
23555 45555
23555 55555
24444 34555
24444 35555
24444 44555
24444 45555
24444 55555
24445 34555
24445 35555
24445 44555
24445 45555
24445 55555
24455 35555
24455 45555
24455 55555
24555 35555
24555 45555
24555 55555
33333 33444
33333 33445
33333 33455
33333 33555
33333 34444
33333 34445
33333 34455
33333 34555
33333 35555
33333 44444
33333 44445
33333 44455
33333 44555
33333 45555
33333 55555
33334 33444
33334 33445
33334 33455
33334 33555
33334 34444
33334 34445
33334 34455
33334 34555
33334 35555
33334 44444
33334 44445
33334 44455
33334 44555
33334 45555
33334 55555
33335 33444
33335 33445
33335 33455
33335 33555
33335 34444
33335 34445
33335 34455
33335 34555
33335 35555
33335 44444
33335 44445
33335 44455
33335 44555
33335 45555
33335 55555
33344 33555
33344 34444
33344 34445
33344 34455
33344 34555
33344 35555
33344 44444
33344 44445
33344 44455
33344 44555
33344 45555
33344 55555
33345 33555
33345 34444
33345 34445
33345 34455
33345 34555
33345 35555
33345 44444
33345 44445
33345 44455
33345 44555
33345 45555
33345 55555
33355 34444
33355 34445
33355 34455
33355 34555
33355 35555
33355 44444
33355 44445
33355 44455
33355 44555
33355 45555
33355 55555
33444 44444
33444 44445
33444 44455
33444 44555
33444 45555
33444 55555
33445 44444
33445 44445
33445 44455
33445 44555
33445 45555
33445 55555
33455 44444
33455 44445
33455 44455
33455 44555
33455 45555
33455 55555
33555 44444
33555 44445
33555 44455
33555 44555
33555 45555
33555 55555
34444 44555
34444 45555
34444 55555
34445 44555
34445 45555
34445 55555
34455 45555
34455 55555
34555 45555
34555 55555
44444 44555
44444 45555
44444 55555
44445 44555
44445 45555
44445 55555
44455 45555
44455 55555
44555 55555
