12444 33445
11335 23334
12555 34555
11355 33345
12355 33345
22355 33345
11355 23445
11334 22344
11335 22355
11344 23355
11345 33345
11445 22455
11445 23455
11445 33455
12345 33345
12445 33455
22345 33345
22445 33455
11334 22355
11355 22455
11334 22345
11335 22345
12445 34445
11334 23334
11335 23335
11445 24445
11445 34445
22445 34445
11345 23355
11335 22344
11345 22445
11355 22445
11344 33345
12344 33345
22344 33345
11334 23335
11345 23444
11245 22334
12444 33455
11255 22334
11255 22344
11355 24445
11244 22334
11255 22335
11255 22345
11255 22445
11355 33445
12355 33445
22355 33445
11345 23445
11355 23455
11345 22455
11455 23555
11344 22445
11245 22335
11245 22344
11244 22335
