11224 12335
11233 12234
11233 12235
11233 12333
11233 22333
11234 12245
11244 12245
11244 12345
11244 12444
11244 13345
11244 22444
11255 12555
11255 22555
11333 12244
11333 12245
11333 12255
11333 22244
11333 22245
11333 22255
11334 12255
11334 12344
11334 22255
11334 22344
11335 12355
11335 22355
11344 12255
11344 13345
11344 13444
11344 22255
11344 23345
11344 23444
11344 33345
11344 33444
11355 13555
11355 23555
11355 33555
11444 12255
11444 12355
11444 13355
11444 22255
11444 22355
11444 23355
11444 33355
11445 12455
11445 13455
11445 22455
11445 23455
11445 33455
11455 14555
11455 24555
11455 34555
11455 44555
12224 11335
12233 11244
12233 11245
12233 11255
12233 12333
12234 11245
12234 11255
12244 11255
12244 11355
12244 12345
12244 12444
12244 13345
12244 13444
12255 12555
12255 13555
12255 14555
12333 11244
12333 11245
12333 11255
12333 12244
12333 12245
12333 12255
12334 11255
12334 11344
12334 12255
12334 12344
12334 22344
12335 11355
12335 12355
12335 22355
12344 11255
12344 11355
12344 12255
12344 13345
12344 13444
12344 23345
12344 23444
12344 33345
12344 33444
12345 11455
12355 13555
12355 14555
12355 23555
12355 33555
12444 11255
12444 11355
12444 12255
12444 12355
12444 13355
12444 22355
12444 23355
12444 33355
12445 11455
12445 12455
12445 13455
12445 22455
12445 23455
12445 33455
12455 14555
12455 24555
12455 34555
12455 44555
13333 11244
13333 11245
13333 11255
13333 11334
13333 11335
13333 12244
13333 12245
13333 12255
13333 12334
13333 12335
13333 22244
13333 22245
13333 22255
13333 22334
13333 22335
13334 11255
13334 12255
13334 22255
13344 11255
13344 11355
13344 12255
13344 12355
13344 13355
13344 13444
13344 22255
13344 22355
13344 23355
13344 23444
13344 33355
13344 33444
13355 13555
13355 14555
13355 23555
13355 24555
13355 33555
13444 11255
13444 11355
13444 12255
13444 12355
13444 13355
13444 22255
13444 22355
13444 23355
13444 33355
13445 11455
13445 12455
13445 13455
13445 22455
13445 23455
13445 33455
13455 14555
13455 24555
13455 34555
13455 44555
14444 11255
14444 11355
14444 11445
14444 12255
14444 12355
14444 12445
14444 13355
14444 13445
14444 22255
14444 22355
14444 22445
14444 23355
14444 23445
14444 33355
14444 33445
14455 14555
14455 24555
14455 34555
14455 44555
22233 11144
22233 11145
22233 11155
22234 11155
22244 11155
22244 11355
22244 13345
22244 13444
22255 13555
22255 14555
22333 11144
22333 11145
22333 11155
22333 11244
22333 11245
22333 11255
22334 11155
22334 11255
22334 11344
22334 12344
22335 11355
22335 12355
22344 11155
22344 11255
22344 11355
22344 13345
22344 13444
22344 23345
22344 23444
22344 33345
22344 33444
22345 11455
22355 13555
22355 14555
22355 23555
22355 33555
22444 11155
22444 11255
22444 11355
22444 12355
22444 13355
22444 23355
22444 33355
22445 11455
22445 12455
22445 13455
22445 23455
22445 33455
22455 14555
22455 24555
22455 34555
22455 44555
23333 11144
23333 11145
23333 11155
23333 11244
23333 11245
23333 11255
23333 11334
23333 11335
23333 12244
23333 12245
23333 12255
23333 12334
23333 12335
23333 22334
23333 22335
23334 11155
23334 11255
23334 12255
23344 11155
23344 11255
23344 11355
23344 12255
23344 12355
23344 13355
23344 13444
23344 22355
23344 23355
23344 23444
23344 33355
23344 33444
23345 11455
23355 13555
23355 14555
23355 23555
23355 24555
23355 33555
23444 11155
23444 11255
23444 11355
23444 12255
23444 12355
23444 13355
23444 22355
23444 23355
23444 33355
23445 11455
23445 12455
23445 13455
23445 22455
23445 23455
23445 33455
23455 14555
23455 24555
23455 34555
23455 44555
24444 11155
24444 11255
24444 11355
24444 11445
24444 12255
24444 12355
24444 12445
24444 13355
24444 13445
24444 22355
24444 22445
24444 23355
24444 23445
24444 33355
24444 33445
24455 14555
24455 24555
24455 34555
24455 44555
33333 11144
33333 11145
33333 11155
33333 11244
33333 11245
33333 11255
33333 11334
33333 11335
33333 12244
33333 12245
33333 12255
33333 12334
33333 12335
33333 22244
33333 22245
33333 22255
33333 22334
33333 22335
33334 11155
33334 11255
33334 12255
33334 22255
33344 11155
33344 11255
33344 11355
33344 12255
33344 12355
33344 13355
33344 13444
33344 22255
33344 22355
33344 23355
33344 23444
33344 33355
33344 33444
33355 13555
33355 14555
33355 23555
33355 24555
33355 33555
33444 11155
33444 11255
33444 11355
33444 12255
33444 12355
33444 13355
33444 22255
33444 22355
33444 23355
33444 33355
33445 11455
33445 12455
33445 13455
33445 22455
33445 23455
33445 33455
33455 14555
33455 24555
33455 34555
33455 44555
34444 11155
34444 11255
34444 11355
34444 11445
34444 12255
34444 12355
34444 12445
34444 13355
34444 13445
34444 22255
34444 22355
34444 22445
34444 23355
34444 23445
34444 33355
34444 33445
34455 14555
34455 24555
34455 34555
34455 44555
44444 11155
44444 11255
44444 11355
44444 11445
44444 12255
44444 12355
44444 12445
44444 13355
44444 13445
44444 22255
44444 22355
44444 22445
44444 23355
44444 23445
44444 33355
44444 33445
44455 14555
44455 24555
44455 34555
44455 44555
11124 22335
11124 23335
11124 33335
11133 22234
11133 22235
11133 22244
11133 22245
11133 22255
11133 22333
11134 22245
11134 22255
11134 22344
11134 23344
11134 33344
11135 22355
11135 23355
11135 33355
11144 22245
11144 22255
11144 22345
11144 22355
11144 22444
11144 23345
11144 23355
11144 23444
11144 33345
11144 33355
11144 33444
11145 22455
11145 23455
11145 24455
11145 33455
11145 34455
11145 44455
11155 22555
11155 23555
11155 24555
11155 33555
11155 34555
11155 44555
11224 13335
11224 23335
11224 33335
11233 12244
11233 12245
11233 12255
11233 13333
11233 23333
11233 33333
11234 12255
11234 12344
11234 12345
11234 12355
11234 13344
11234 13345
11234 13355
11234 22344
11234 22345
11234 22355
11234 23344
11234 23345
11234 23355
11234 33344
11234 33345
11234 33355
11235 12355
11235 13355
11235 22355
11235 23355
11235 33355
11244 12255
11244 12355
11244 13355
11244 13444
11244 14444
11244 22345
11244 22355
11244 23345
11244 23355
11244 23444
11244 24444
11244 33345
11244 33355
11244 33444
11244 34444
11244 44444
11245 12455
11245 13455
11245 14455
11245 22455
11245 23455
11245 24455
11245 33455
11245 34455
11245 44455
11255 13555
11255 14555
11255 15555
11255 23555
11255 24555
11255 25555
11255 33555
11255 34555
11255 35555
11255 44555
11255 45555
11255 55555
11334 12345
11334 12355
11334 13344
11334 13345
11334 13355
11334 22345
11334 22355
11334 23344
11334 23345
11334 23355
11334 33344
11334 33345
11334 33355
11335 13355
11335 23355
11335 33355
11344 12355
11344 13355
11344 14444
11344 22355
11344 23355
11344 24444
11344 33355
11344 34444
11344 44444
11345 12455
11345 13455
11345 14455
11345 22455
11345 23455
11345 24455
11345 33455
11345 34455
11345 44455
11355 14555
11355 15555
11355 24555
11355 25555
11355 34555
11355 35555
11355 44555
11355 45555
11355 55555
11445 14455
11445 24455
11445 34455
11445 44455
11455 15555
11455 25555
11455 35555
11455 45555
11455 55555
12224 13335
12224 33335
12233 13333
12233 23333
12233 33333
12234 11344
12234 11345
12234 11355
12234 12344
12234 12345
12234 12355
12234 13344
12234 13345
12234 13355
12234 23344
12234 23345
12234 23355
12234 33344
12234 33345
12234 33355
12235 11355
12235 12355
12235 13355
12235 23355
12235 33355
12244 12355
12244 13355
12244 14444
12244 23345
12244 23355
12244 23444
12244 24444
12244 33345
12244 33355
12244 33444
12244 34444
12244 44444
12245 11455
12245 12455
12245 13455
12245 14455
12245 23455
12245 24455
12245 33455
12245 34455
12245 44455
12255 15555
12255 23555
12255 24555
12255 25555
12255 33555
12255 34555
12255 35555
12255 44555
12255 45555
12255 55555
12333 11334
12333 11335
12333 12334
12333 12335
12333 13334
12333 13335
12333 22334
12333 22335
12333 23334
12333 23335
12334 11345
12334 11355
12334 12345
12334 12355
12334 13344
12334 13345
12334 13355
12334 22345
12334 22355
12334 23344
12334 23345
12334 23355
12334 33344
12334 33345
12334 33355
12335 13355
12335 23355
12335 33355
12344 12355
12344 13355
12344 14444
12344 22355
12344 23355
12344 24444
12344 33355
12344 34444
12344 44444
12345 12455
12345 13455
12345 14455
12345 22455
12345 23455
12345 24455
12345 33455
12345 34455
12345 44455
12355 15555
12355 24555
12355 25555
12355 34555
12355 35555
12355 44555
12355 45555
12355 55555
12444 11445
12444 12445
12444 13445
12444 14445
12444 22445
12444 23445
12444 24445
12444 33445
12444 34445
12445 14455
12445 24455
12445 34455
12445 44455
12455 15555
12455 25555
12455 35555
12455 45555
12455 55555
13333 13334
13333 13335
13333 23334
13333 23335
13334 11345
13334 11355
13334 12345
13334 12355
13334 13345
13334 13355
13334 22345
13334 22355
13334 23345
13334 23355
13334 33345
13334 33355
13344 14444
13344 24444
13344 34444
13344 44444
13345 11455
13345 12455
13345 13455
13345 14455
13345 22455
13345 23455
13345 24455
13345 33455
13345 34455
13345 44455
13355 15555
13355 25555
13355 34555
13355 35555
13355 44555
13355 45555
13355 55555
13444 11445
13444 12445
13444 13445
13444 14445
13444 22445
13444 23445
13444 24445
13444 33445
13444 34445
13445 14455
13445 24455
13445 34455
13445 44455
13455 15555
13455 25555
13455 35555
13455 45555
13455 55555
14444 14445
14444 24445
14444 34445
14455 15555
14455 25555
14455 35555
14455 45555
14455 55555
22234 11344
22234 13344
22234 33344
22235 11355
22235 13355
22235 33355
22244 13355
22244 33345
22244 33355
22244 33444
22245 11455
22245 13455
22245 14455
22245 33455
22245 34455
22245 44455
22255 33555
22255 34555
22255 44555
22333 11334
22333 11335
22334 11345
22334 11355
22334 12345
22334 12355
22334 13344
22334 13345
22334 13355
22334 23344
22334 23345
22334 23355
22334 33344
22334 33345
22334 33355
22335 13355
22335 23355
22335 33355
22344 12355
22344 13355
22344 14444
22344 23355
22344 24444
22344 33355
22344 34444
22344 44444
22345 12455
22345 13455
22345 14455
22345 23455
22345 24455
22345 33455
22345 34455
22345 44455
22355 15555
22355 24555
22355 25555
22355 34555
22355 35555
22355 44555
22355 45555
22355 55555
22444 11445
22445 14455
22445 24455
22445 34455
22445 44455
22455 15555
22455 25555
22455 35555
22455 45555
22455 55555
23333 13334
23333 13335
23333 23334
23333 23335
23334 11345
23334 11355
23334 12345
23334 12355
23334 13345
23334 13355
23334 22345
23334 22355
23334 23345
23334 23355
23334 33345
23334 33355
23344 14444
23344 24444
23344 34444
23344 44444
23345 12455
23345 13455
23345 14455
23345 22455
23345 23455
23345 24455
23345 33455
23345 34455
23345 44455
23355 15555
23355 25555
23355 34555
23355 35555
23355 44555
23355 45555
23355 55555
23444 11445
23444 12445
23444 13445
23444 14445
23444 22445
23444 23445
23444 24445
23444 33445
23444 34445
23445 14455
23445 24455
23445 34455
23445 44455
23455 15555
23455 25555
23455 35555
23455 45555
23455 55555
24444 14445
24444 24445
24444 34445
24455 15555
24455 25555
24455 35555
24455 45555
24455 55555
33334 11345
33334 12345
33334 13345
33334 22345
33334 23345
33334 33345
33345 11455
33345 12455
33345 13455
33345 14455
33345 22455
33345 23455
33345 24455
33345 33455
33345 34455
33345 44455
33355 34555
33355 44555
33444 11445
33444 12445
33444 22445
33445 14455
33445 24455
33445 34455
33445 44455
33455 15555
33455 25555
33455 35555
33455 45555
33455 55555
34444 14445
34444 24445
34444 34445
34455 15555
34455 25555
34455 35555
34455 45555
34455 55555
11134 22244
11134 22335
11134 23335
11134 33335
11135 22255
11145 22255
11145 22355
11145 23355
11145 33355
11234 12244
11234 12335
11234 13335
11234 22335
11234 23335
11234 33335
11235 12255
11245 12255
11245 12355
11245 13355
11245 22355
11245 23355
11245 33355
11334 12245
11334 22245
11344 12245
11344 12345
11344 22245
11344 22345
11345 13355
11345 23355
11345 33355
12233 11234
12233 11235
12234 12335
12234 13335
12234 23335
12234 33335
12244 11245
12244 11345
12245 12355
12245 13355
12245 23355
12245 33355
12334 11245
12334 12245
12344 11345
12344 12345
12344 22345
12345 13355
12345 23355
12345 33355
13334 11245
13334 11344
13334 12245
13334 12344
13334 13344
13334 22245
13334 22344
13334 23344
13334 33344
13335 11355
13335 12355
13335 13355
13335 22355
13335 23355
13335 33355
13344 11345
13344 12345
13344 13345
13344 22345
13344 23345
13344 33345
14445 11455
14445 12455
14445 13455
14445 14455
14445 22455
14445 23455
14445 24455
14445 33455
14445 34455
14445 44455
22234 11145
22234 13335
22234 33335
22244 11345
22245 13355
22245 33355
22334 11145
22334 11245
22344 11345
22344 12345
22345 13355
22345 23355
22345 33355
23334 11145
23334 11245
23334 11344
23334 12245
23334 12344
23334 13344
23334 22344
23334 23344
23334 33344
23335 11355
23335 12355
23335 13355
23335 22355
23335 23355
23335 33355
23344 11345
23344 12345
23344 13345
23344 22345
23344 23345
23344 33345
24445 11455
24445 12455
24445 13455
24445 14455
24445 22455
24445 23455
24445 24455
24445 33455
24445 34455
24445 44455
33334 11145
33334 11245
33334 11344
33334 12245
33334 12344
33334 13344
33334 22245
33334 22344
33334 23344
33334 33344
33335 11355
33335 12355
33335 13355
33335 22355
33335 23355
33335 33355
33344 11345
33344 12345
33344 13345
33344 22345
33344 23345
33344 33345
34445 11455
34445 12455
34445 13455
34445 14455
34445 22455
34445 23455
34445 24455
34445 33455
34445 34455
34445 44455
44445 11455
44445 12455
44445 13455
44445 14455
44445 22455
44445 23455
44445 24455
44445 33455
44445 34455
44445 44455
11123 22333
11123 22334
11123 22335
11123 22344
11123 22345
11123 22355
11123 22444
11123 22445
11123 22455
11123 22555
11123 23333
11123 23334
11123 23335
11123 33333
11123 33334
11123 33335
11124 22344
11124 22345
11124 22355
11124 22444
11124 22445
11124 22455
11124 22555
11124 23344
11124 23345
11124 23355
11124 23444
11124 23445
11124 23455
11124 23555
11124 24444
11124 24445
11124 33344
11124 33345
11124 33355
11124 33444
11124 33445
11124 33455
11124 33555
11124 34444
11124 34445
11124 44444
11124 44445
11125 22355
11125 22455
11125 22555
11125 23355
11125 23455
11125 23555
11125 24455
11125 24555
11125 25555
11125 33355
11125 33455
11125 33555
11125 34455
11125 34555
11125 35555
11125 44455
11125 44555
11125 45555
11125 55555
11133 22334
11133 22335
11133 22344
11133 22345
11133 22355
11133 22444
11133 22445
11133 22455
11133 22555
11133 23333
11133 23334
11133 23335
11133 33333
11133 33334
11133 33335
11134 22345
11134 22355
11134 22444
11134 22445
11134 22455
11134 22555
11134 23345
11134 23355
11134 23444
11134 23445
11134 23455
11134 23555
11134 24444
11134 24445
11134 33345
11134 33355
11134 33444
11134 33445
11134 33455
11134 33555
11134 34444
11134 34445
11134 44444
11134 44445
11135 22455
11135 22555
11135 23455
11135 23555
11135 24455
11135 24555
11135 25555
11135 33455
11135 33555
11135 34455
11135 34555
11135 35555
11135 44455
11135 44555
11135 45555
11135 55555
11144 22445
11144 22455
11144 22555
11144 23445
11144 23455
11144 23555
11144 24444
11144 24445
11144 33445
11144 33455
11144 33555
11144 34444
11144 34445
11144 44444
11144 44445
11145 22555
11145 23555
11145 24555
11145 25555
11145 33555
11145 34555
11145 35555
11145 44555
11145 45555
11145 55555
11155 25555
11155 35555
11155 45555
11155 55555
11223 12333
11223 12334
11223 12335
11223 12344
11223 12345
11223 12355
11223 12444
11223 12445
11223 12455
11223 12555
11223 13333
11223 13334
11223 13335
11223 23333
11223 23334
11223 23335
11223 33333
11223 33334
11223 33335
11224 12344
11224 12345
11224 12355
11224 12444
11224 12445
11224 12455
11224 12555
11224 13344
11224 13345
11224 13355
11224 13444
11224 13445
11224 13455
11224 13555
11224 14444
11224 14445
11224 23344
11224 23345
11224 23355
11224 23444
11224 23445
11224 23455
11224 23555
11224 24444
11224 24445
11224 33344
11224 33345
11224 33355
11224 33444
11224 33445
11224 33455
11224 33555
11224 34444
11224 34445
11224 44444
11224 44445
11225 12355
11225 12455
11225 12555
11225 13355
11225 13455
11225 13555
11225 14455
11225 14555
11225 15555
11225 23355
11225 23455
11225 23555
11225 24455
11225 24555
11225 25555
11225 33355
11225 33455
11225 33555
11225 34455
11225 34555
11225 35555
11225 44455
11225 44555
11225 45555
11225 55555
11233 12334
11233 12335
11233 12344
11233 12345
11233 12355
11233 12444
11233 12445
11233 12455
11233 12555
11233 13334
11233 13335
11233 22334
11233 22335
11233 22344
11233 22345
11233 22355
11233 22444
11233 22445
11233 22455
11233 22555
11233 23334
11233 23335
11233 33334
11233 33335
11234 12444
11234 12445
11234 12455
11234 12555
11234 13444
11234 13445
11234 13455
11234 13555
11234 14444
11234 14445
11234 22444
11234 22445
11234 22455
11234 22555
11234 23444
11234 23445
11234 23455
11234 23555
11234 24444
11234 24445
11234 33444
11234 33445
11234 33455
11234 33555
11234 34444
11234 34445
11234 44444
11234 44445
11235 12455
11235 12555
11235 13455
11235 13555
11235 14455
11235 14555
11235 15555
11235 22455
11235 22555
11235 23455
11235 23555
11235 24455
11235 24555
11235 25555
11235 33455
11235 33555
11235 34455
11235 34555
11235 35555
11235 44455
11235 44555
11235 45555
11235 55555
11244 12445
11244 12455
11244 12555
11244 13445
11244 13455
11244 13555
11244 14445
11244 22445
11244 22455
11244 22555
11244 23445
11244 23455
11244 23555
11244 24445
11244 33445
11244 33455
11244 33555
11244 34445
11244 44445
11245 12555
11245 13555
11245 14555
11245 15555
11245 22555
11245 23555
11245 24555
11245 25555
11245 33555
11245 34555
11245 35555
11245 44555
11245 45555
11245 55555
11333 12334
11333 12335
11333 12344
11333 12345
11333 12355
11333 12444
11333 12445
11333 12455
11333 12555
11333 13334
11333 13335
11333 22334
11333 22335
11333 22344
11333 22345
11333 22355
11333 22444
11333 22445
11333 22455
11333 22555
11333 23334
11333 23335
11333 33334
11333 33335
11334 12444
11334 12445
11334 12455
11334 12555
11334 13444
11334 13445
11334 13455
11334 13555
11334 14444
11334 14445
11334 22444
11334 22445
11334 22455
11334 22555
11334 23444
11334 23445
11334 23455
11334 23555
11334 24444
11334 24445
11334 33444
11334 33445
11334 33455
11334 33555
11334 34444
11334 34445
11334 44444
11334 44445
11335 12455
11335 12555
11335 13455
11335 13555
11335 14455
11335 14555
11335 15555
11335 22455
11335 22555
11335 23455
11335 23555
11335 24455
