1123 1224
1123 1225
1124 1225
1134 1235
1134 1335
1134 2235
1134 2335
1134 3335
1135 1245
1135 2245
1223 1133
1224 1144
1225 1155
1234 1144
1234 1235
1234 1244
1234 1335
1234 2235
1234 2244
1234 2335
1234 3335
1235 1155
1235 1245
1235 1255
1235 2245
1235 2255
1245 1155
1245 1255
1245 1355
1245 2255
1245 2355
1245 3355
1333 1134
1333 1135
1333 1234
1333 1235
1333 1333
1333 2234
1333 2235
1333 2333
1333 3333
1334 1144
1334 1244
1334 1335
1334 2244
1334 2335
1334 3335
1335 1155
1335 1245
1335 1255
1335 2245
1335 2255
1345 1155
1345 1255
1345 1355
1345 2255
1345 2355
1345 3355
1444 1145
1444 1245
1444 1345
1444 1444
1444 2245
1444 2345
1444 2444
1444 3345
1444 3444
1444 4444
1445 1155
1445 1255
1445 1355
1445 2255
1445 2355
1445 3355
1555 1555
1555 2555
1555 3555
1555 4555
1555 5555
2223 1133
2224 1144
2225 1155
2233 1134
2233 1135
2234 1144
2234 1235
2234 1244
2234 1335
2234 2335
2234 3335
2235 1155
2235 1245
2235 1255
2244 1145
2245 1155
2245 1255
2245 1355
2333 1134
2333 1135
2333 1234
2333 1235
2333 1333
2333 2234
2333 2235
2333 2333
2333 3333
2334 1144
2334 1244
2334 1335
2334 2244
2334 2335
2334 3335
2335 1155
2335 1255
2335 2255
2344 1145
2345 1155
2345 1255
2345 1355
2345 2255
2345 2355
2345 3355
2444 1145
2444 1245
2444 1345
2444 1444
2444 2245
2444 2345
2444 2444
2444 3345
2444 3444
2444 4444
2445 1155
2445 1255
2445 1355
2445 2255
2445 2355
2445 3355
2555 1555
2555 2555
2555 3555
2555 4555
2555 5555
3333 1333
3333 2333
3334 1144
3334 1244
3334 2244
3335 1155
3335 1255
3335 1345
3335 2255
3335 2345
3344 1145
3344 1245
3344 2245
3345 1155
3345 1255
3345 1355
3345 2255
3345 2355
3345 3355
3444 1145
3444 1245
3444 1345
3444 1444
3444 2245
3444 2345
3444 2444
3444 3345
3444 3444
3444 4444
3445 1155
3445 1255
3445 1355
3445 2255
3445 2355
3445 3355
3555 1555
3555 2555
3555 3555
3555 4555
3555 5555
4444 1444
4444 2444
4444 3444
4445 1155
4445 1255
4445 1355
4445 2255
4445 2355
4445 3355
4555 1555
4555 2555
4555 3555
4555 4555
4555 5555
5555 1555
5555 2555
5555 3555
5555 4555
1113 2223
1114 2224
1114 2234
1114 2334
1114 3334
1115 2225
1115 2235
1115 2245
1115 2335
1115 2345
1115 2445
1115 3335
1115 3345
1115 3445
1115 4445
1124 1234
1124 1235
1124 1334
1124 1335
1124 2234
1124 2235
1124 2334
1124 3334
1125 1235
1125 1245
1125 1335
1125 1345
1125 1445
1125 2235
1125 2245
1125 2335
1125 2345
1125 2445
1125 3335
1125 3345
1125 3445
1125 4445
1133 1333
1133 2333
1134 1244
1134 2244
1135 1255
1135 1345
1135 1445
1135 2255
1135 2345
1135 2445
1135 3345
1135 3445
1135 4445
1144 1444
1144 2444
1144 3444
1145 1255
1145 1355
1145 2255
1145 2355
1145 3355
1155 1555
1155 2555
1155 3555
1155 4555
1224 1135
1224 1234
1224 1235
1224 1334
1224 1335
1224 2334
1224 3334
1225 1235
1225 1245
1225 1335
1225 1345
1225 1445
1225 2335
1225 2345
1225 2445
1225 3335
1225 3345
1225 3445
1225 4445
1233 1134
1233 1135
1233 1333
1233 2333
1235 1345
1235 1445
1235 2345
1235 2445
1235 3345
1235 3445
1235 4445
1244 1145
1244 1444
1244 2444
1244 3444
1255 1555
1255 2555
1255 3555
1255 4555
1335 1345
1335 1445
1335 2345
1335 2445
1335 3345
1335 3445
1335 4445
1344 1145
1344 1245
1344 1444
1344 2245
1344 2444
1344 3444
1355 1555
1355 2555
1355 3555
1355 4555
1455 1555
1455 2555
1455 3555
1455 4555
2223 1134
2223 1135
2224 1135
2224 1145
2224 1334
2224 1335
2224 3334
2225 1335
2225 1345
2225 1445
2225 3335
2225 3345
2225 3445
2225 4445
2233 1333
2233 2333
2234 1145
2235 1345
2235 1445
2235 2345
2235 2445
2235 3345
2235 3445
2235 4445
2244 1444
2244 2444
2244 3444
2245 2355
2245 3355
2255 1555
2255 2555
2255 3555
2255 4555
2334 1145
2335 1345
2335 1445
2335 2345
2335 2445
2335 3345
2335 3445
2335 4445
2344 1245
2344 1444
2344 2245
2344 2444
2344 3444
2355 1555
2355 2555
2355 3555
2355 4555
2455 1555
2455 2555
2455 3555
2455 4555
3334 1145
3334 1245
3334 2245
3335 1445
3335 2445
3335 3345
3335 3445
3335 4445
3344 1444
3344 2444
3344 3444
3355 1555
3355 2555
3355 3555
3355 4555
3455 1555
3455 2555
3455 3555
3455 4555
4455 1555
4455 2555
4455 3555
4455 4555
1113 2224
1113 2225
1114 2225
1114 2235
1114 2335
1114 3335
1124 2335
1124 3335
1224 1134
1224 2335
1224 3335
1225 1135
1225 1145
1234 1135
1235 1145
1335 1145
2224 1134
2224 3335
2225 1135
2225 1145
2234 1135
2235 1145
2335 1145
2335 1245
2335 2245
3333 1134
3333 1135
3333 1234
3333 1235
3333 2234
3333 2235
3333 3333
3334 3335
3335 1145
3335 1245
3335 2245
4444 1145
4444 1245
4444 1345
4444 2245
4444 2345
4444 3345
4444 4444
5555 5555
1113 2233
1114 2244
1114 2344
1114 3344
1115 2255
1115 2355
1115 2455
1115 3355
1115 3455
1115 4455
1123 1233
1123 1234
1123 1235
1123 2233
1123 2234
1123 2235
1124 1244
1124 1245
1124 1344
1124 2244
1124 2245
1124 2344
1124 3344
1125 1255
1125 1355
1125 1455
1125 2255
1125 2355
1125 2455
1125 3355
1125 3455
1125 4455
1133 1234
1133 1235
1133 1244
1133 1245
1133 1255
1133 2234
1133 2235
1133 2244
1133 2245
1133 2255
1133 3333
1134 1245
1134 1255
1134 1344
1134 1345
1134 2245
1134 2255
1134 2344
1134 2345
1134 3344
1134 3345
1135 1355
1135 1455
1135 2355
1135 2455
1135 3355
1135 3455
1135 4455
1144 1245
1144 1255
1144 1345
1144 1355
1144 2245
1144 2255
1144 2345
1144 2355
1144 3345
1144 3355
1144 4444
1145 1455
1145 2455
1145 3455
1145 4455
1155 5555
1222 1133
1222 1134
1222 1135
1222 1144
1222 1145
1222 1155
1223 1134
1223 1135
1223 1144
1223 1145
1223 1155
1223 1233
1223 1234
1223 1235
1223 1244
1223 1245
1223 1255
1224 1145
1224 1155
1224 1244
1224 1245
1224 1255
1224 1344
1224 2344
1224 3344
1225 1255
1225 1355
1225 1455
1225 2355
1225 2455
1225 3355
1225 3455
1225 4455
1233 1144
1233 1145
1233 1155
1233 1234
1233 1235
1233 1244
1233 1245
1233 1255
1233 2234
1233 2235
1233 2244
1233 2245
1233 2255
1233 3333
1234 1145
1234 1155
1234 1245
1234 1255
1234 1344
1234 1345
1234 2245
1234 2255
1234 2344
1234 2345
1234 3344
1234 3345
1235 1355
1235 1455
1235 2355
1235 2455
1235 3355
1235 3455
1235 4455
1244 1155
1244 1245
1244 1255
1244 1345
1244 1355
1244 2245
1244 2255
1244 2345
1244 2355
1244 3345
1244 3355
1244 4444
1245 1455
1245 2455
1245 3455
1245 4455
1255 5555
1333 1144
1333 1145
1333 1155
1333 1244
1333 1245
1333 1255
1333 1334
1333 1335
1333 2244
1333 2245
1333 2255
1333 2334
1333 2335
1333 3334
1333 3335
1334 1145
1334 1155
1334 1245
1334 1255
1334 1344
1334 1345
1334 1355
1334 2245
1334 2255
1334 2344
1334 2345
1334 2355
1334 3344
1334 3345
1334 3355
1335 1355
1335 1455
1335 2355
1335 2455
1335 3355
1335 3455
1335 4455
1344 1155
1344 1255
1344 1345
1344 1355
1344 2255
1344 2345
1344 2355
1344 3345
1344 3355
1344 4444
1345 1455
1345 2455
1345 3455
1345 4455
1355 5555
1444 1155
1444 1255
1444 1355
1444 1445
1444 2255
1444 2355
1444 2445
1444 3355
1444 3445
1444 4445
1445 1455
1445 2455
1445 3455
1445 4455
1455 5555
2223 1144
2223 1145
2223 1155
2224 1155
2224 1344
2224 3344
2225 1355
2225 1455
2225 3355
2225 3455
2225 4455
2233 1144
2233 1145
2233 1155
2233 1234
2233 1235
2233 1244
2233 1245
2233 1255
2233 3333
2234 1155
2234 1245
2234 1255
2234 1344
2234 1345
2234 2344
2234 2345
2234 3344
2234 3345
2235 1355
2235 1455
2235 2355
2235 2455
2235 3355
2235 3455
2235 4455
2244 1155
2244 1245
2244 1255
2244 1345
2244 1355
2244 2345
2244 2355
2244 3345
2244 3355
2244 4444
2245 1455
2245 2455
2245 3455
2245 4455
2255 5555
2333 1144
2333 1145
2333 1155
2333 1244
2333 1245
2333 1255
2333 1334
2333 1335
2333 2244
2333 2245
2333 2255
2333 2334
2333 2335
2333 3334
2333 3335
2334 1155
2334 1245
2334 1255
2334 1344
2334 1345
2334 1355
2334 2245
2334 2255
2334 2344
2334 2345
2334 2355
2334 3344
2334 3345
2334 3355
2335 1355
2335 1455
2335 2355
2335 2455
2335 3355
2335 3455
2335 4455
2344 1155
2344 1255
2344 1345
2344 1355
2344 2255
2344 2345
2344 2355
2344 3345
2344 3355
2344 4444
2345 1455
2345 2455
2345 3455
2345 4455
2355 5555
2444 1155
2444 1255
2444 1355
2444 1445
2444 2255
2444 2355
2444 2445
2444 3355
2444 3445
2444 4445
2445 1455
2445 2455
2445 3455
2445 4455
2455 5555
3333 1144
3333 1145
3333 1155
3333 1244
3333 1245
3333 1255
3333 1334
3333 1335
3333 2244
3333 2245
3333 2255
3333 2334
3333 2335
3333 3334
3333 3335
3334 1155
3334 1255
3334 1344
3334 1345
3334 1355
3334 2255
3334 2344
3334 2345
3334 2355
3334 3344
3334 3345
3334 3355
3335 1355
3335 1455
3335 2355
3335 2455
3335 3355
3335 3455
3335 4455
3344 1155
3344 1255
3344 1345
3344 1355
3344 2255
3344 2345
3344 2355
3344 3345
3344 3355
3344 4444
3345 1455
3345 2455
3345 3455
3345 4455
3355 5555
3444 1155
3444 1255
3444 1355
3444 1445
3444 2255
3444 2355
3444 2445
3444 3355
3444 3445
3444 4445
3445 1455
3445 2455
3445 3455
3445 4455
3455 5555
4444 1155
4444 1255
4444 1355
4444 1445
4444 2255
4444 2355
4444 2445
4444 3355
4444 3445
4444 4445
4445 1455
4445 2455
4445 3455
4445 4455
4455 5555
1114 2223
1114 2233
1114 2333
1114 3333
1115 2223
1115 2224
1115 2233
1115 2234
1115 2244
1115 2333
1115 2334
1115 2344
1115 2444
1115 3333
1115 3334
1115 3344
1115 3444
1115 4444
1124 1233
1124 1333
1124 2233
1124 2333
1124 3333
1125 1233
1125 1234
1125 1244
1125 1333
1125 1334
1125 1344
1125 1444
1125 2233
1125 2234
1125 2244
1125 2333
1125 2334
1125 2344
1125 2444
1125 3333
1125 3334
1125 3344
1125 3444
1125 4444
1133 1224
1133 1225
1133 1233
1133 2224
1133 2225
1133 2233
1134 1225
1134 2225
1135 1244
1135 1344
1135 1444
1135 2244
1135 2344
1135 2444
1135 3344
1135 3444
1135 4444
1144 1225
1144 1235
1144 1244
1144 1335
1144 1344
1144 2225
1144 2235
1144 2244
1144 2335
1144 2344
1144 3335
1144 3344
1155 1255
1155 1355
1155 1455
1155 2255
1155 2355
1155 2455
1155 3355
1155 3455
1155 4455
1223 1124
1223 1125
1224 1125
1224 1133
1224 1233
1224 1333
1224 2333
1224 3333
1225 1133
1225 1134
1225 1144
1225 1233
1225 1234
1225 1244
1225 1333
1225 1334
1225 1344
1225 1444
1225 2333
1225 2334
1225 2344
1225 2444
1225 3333
1225 3334
1225 3344
1225 3444
1225 4444
1233 1233
1233 2233
1235 1144
1235 1244
1235 1344
1235 1444
1235 2244
1235 2344
1235 2444
1235 3344
1235 3444
1235 4444
1244 1135
1244 1235
1244 1244
1244 1335
1244 1344
1244 2235
1244 2244
1244 2335
1244 2344
1244 3335
1244 3344
1255 1255
1255 1355
1255 1455
1255 2255
1255 2355
1255 2455
1255 3355
1255 3455
1255 4455
1334 1135
1334 1235
1334 2235
1335 1144
1335 1244
1335 1344
1335 1444
1335 2244
1335 2344
1335 2444
1335 3344
1335 3444
1335 4444
1344 1344
1344 2344
1344 3344
1355 1355
1355 1455
1355 2355
1355 2455
1355 3355
1355 3455
1355 4455
1455 1455
1455 2455
1455 3455
1455 4455
2224 1133
2224 1333
2224 3333
2225 1133
2225 1134
2225 1144
2225 1333
2225 1334
2225 1344
2225 1444
2225 3333
2225 3334
2225 3344
2225 3444
2225 4444
2233 1233
2235 1144
2235 1244
2235 1344
2235 1444
2235 2344
2235 2444
2235 3344
2235 3444
2235 4444
2244 1135
2244 1235
2244 1244
2244 1335
2244 1344
2244 2335
2244 2344
2244 3335
2244 3344
2255 1255
2255 1355
2255 1455
2255 2355
2255 2455
2255 3355
2255 3455
2255 4455
2334 1135
2334 1235
2334 2235
2335 1144
2335 1244
2335 1344
2335 1444
2335 2244
2335 2344
2335 2444
2335 3344
2335 3444
2335 4444
2344 1344
2344 2344
2344 3344
2355 1355
2355 1455
2355 2355
2355 2455
2355 3355
2355 3455
2355 4455
2455 1455
2455 2455
2455 3455
2455 4455
3334 1135
3334 1235
3334 1335
3334 2235
3334 2335
3335 1144
3335 1244
3335 1344
3335 1444
3335 2244
3335 2344
3335 2444
3335 3344
3335 3444
3335 4444
3344 1344
3344 2344
3344 3344
3355 1355
3355 1455
3355 2355
3355 2455
3355 3355
3355 3455
3355 4455
3455 1455
3455 2455
3455 3455
3455 4455
4455 1455
4455 2455
4455 3455
4455 4455
1112 2233
1112 2234
1112 2235
1112 2244
1112 2245
1112 2255
1112 2333
1112 2334
1112 2335
1112 2344
1112 2345
1112 2355
1112 2444
1112 2445
1112 2455
1112 2555
1112 3333
1112 3334
1112 3335
1112 3344
1112 3345
1112 3355
1112 3444
1112 3445
1112 3455
1112 3555
1112 4444
1112 4445
1112 4455
1112 4555
1112 5555
1113 2234
1113 2235
1113 2244
1113 2245
1113 2255
1113 2333
1113 2334
1113 2335
1113 2344
1113 2345
1113 2355
1113 2444
1113 2445
1113 2455
1113 2555
1113 3333
1113 3334
1113 3335
1113 3344
1113 3345
1113 3355
1113 3444
1113 3445
1113 3455
1113 3555
1113 4444
1113 4445
1113 4455
1113 4555
1113 5555
1114 2245
1114 2255
1114 2345
1114 2355
1114 2444
1114 2445
1114 2455
1114 2555
1114 3345
1114 3355
1114 3444
1114 3445
1114 3455
1114 3555
1114 4444
1114 4445
1114 4455
1114 4555
1114 5555
1115 2555
1115 3555
1115 4555
1115 5555
1122 1233
1122 1234
1122 1235
1122 1244
1122 1245
1122 1255
1122 1333
1122 1334
1122 1335
1122 1344
1122 1345
1122 1355
1122 1444
1122 1445
1122 1455
1122 1555
1122 2333
1122 2334
1122 2335
1122 2344
1122 2345
1122 2355
1122 2444
1122 2445
1122 2455
1122 2555
1122 3333
1122 3334
1122 3335
1122 3344
1122 3345
1122 3355
1122 3444
1122 3445
1122 3455
1122 3555
1122 4444
1122 4445
1122 4455
1122 4555
1122 5555
1123 1244
1123 1245
1123 1255
1123 1333
1123 1334
1123 1335
1123 1344
1123 1345
1123 1355
1123 1444
1123 1445
1123 1455
1123 1555
1123 2244
1123 2245
1123 2255
1123 2333
1123 2334
1123 2335
1123 2344
1123 2345
1123 2355
1123 2444
1123 2445
1123 2455
1123 2555
1123 3333
1123 3334
1123 3335
1123 3344
1123 3345
1123 3355
1123 3444
1123 3445
1123 3455
1123 3555
1123 4444
1123 4445
1123 4455
1123 4555
1123 5555
1124 1255
1124 1345
1124 1355
1124 1444
1124 1445
1124 1455
1124 1555
1124 2255
1124 2345
1124 2355
1124 2444
1124 2445
1124 2455
1124 2555
1124 3345
1124 3355
1124 3444
1124 3445
1124 3455
1124 3555
1124 4444
1124 4445
1124 4455
1124 4555
1124 5555
1125 1555
1125 2555
1125 3555
1125 4555
1125 5555
1133 1334
1133 1335
1133 1344
1133 1345
1133 1355
1133 1444
1133 1445
1133 1455
1133 1555
1133 2334
1133 2335
1133 2344
1133 2345
1133 2355
1133 2444
1133 2445
1133 2455
1133 2555
1133 3334
1133 3335
1133 3344
1133 3345
1133 3355
1133 3444
1133 3445
1133 3455
1133 3555
1133 4444
1133 4445
1133 4455
1133 4555
1133 5555
1134 1355
1134 1444
1134 1445
1134 1455
1134 1555
1134 2355
1134 2444
1134 2445
1134 2455
1134 2555
1134 3355
1134 3444
1134 3445
1134 3455
1134 3555
1134 4444
1134 4445
1134 4455
1134 4555
1134 5555
1135 1555
1135 2555
1135 3555
1135 4555
1135 5555
1144 1445
1144 1455
1144 1555
1144 2445
1144 2455
1144 2555
1144 3445
1144 3455
1144 3555
1144 4445
1144 4455
1144 4555
1144 5555
1145 1555
1145 2555
1145 3555
1145 4555
1145 5555
1222 1333
1222 1334
1222 1335
1222 1344
1222 1345
1222 1355
1222 1444
1222 1445
1222 1455
1222 1555
1222 3333
1222 3334
1222 3335
1222 3344
1222 3345
1222 3355
1222 3444
1222 3445
1222 3455
1222 3555
1222 4444
1222 4445
1222 4455
1222 4555
1222 5555
1223 1333
1223 1334
1223 1335
1223 1344
1223 1345
1223 1355
1223 1444
1223 1445
1223 1455
1223 1555
1223 2333
1223 2334
1223 2335
1223 2344
1223 2345
1223 2355
1223 2444
1223 2445
1223 2455
1223 2555
1223 3333
1223 3334
1223 3335
1223 3344
1223 3345
1223 3355
1223 3444
1223 3445
1223 3455
1223 3555
1223 4444
1223 4445
1223 4455
1223 4555
1223 5555
1224 1345
1224 1355
1224 1444
1224 1445
1224 1455
1224 1555
1224 2345
1224 2355
1224 2444
1224 2445
1224 2455
1224 2555
1224 3345
1224 3355
1224 3444
1224 3445
1224 3455
1224 3555
1224 4444
1224 4445
1224 4455
1224 4555
1224 5555
1225 1555
1225 2555
1225 3555
1225 4555
1225 5555
1233 1334
1233 1335
1233 1344
1233 1345
1233 1355
1233 1444
1233 1445
1233 1455
