11123 2233
11124 2235
11124 2244
11124 2335
11124 3335
11125 2255
11133 2234
11133 2235
11133 2244
11133 2245
11133 2255
11133 2333
11134 2245
11134 2255
11134 2344
11134 3344
11135 2355
11135 3355
11144 2245
11144 2255
11144 2345
11144 2355
11144 2444
11144 3345
11144 3355
11144 3444
11145 2455
11145 3455
11145 4455
11155 2555
11155 3555
11155 4555
11223 1233
11224 1244
11224 1335
11224 2335
11224 3335
11225 1255
11233 1244
11233 1245
11233 1255
11233 2244
11233 2245
11233 2255
11233 2333
11234 1245
11234 1255
11234 1344
11234 2245
11234 2255
11234 2344
11234 3344
11235 1355
11235 2355
11235 3355
11244 1255
11244 1355
11244 2255
11244 2345
11244 2355
11244 2444
11244 3345
11244 3355
11244 3444
11245 1455
11245 2455
11245 3455
11245 4455
11255 2555
11255 3555
11255 4555
11333 1244
11333 1245
11333 1255
11333 2244
11333 2245
11333 2255
11334 1255
11334 1344
11334 2255
11334 2344
11334 3344
11335 1355
11335 2355
11335 3355
11344 1255
11344 1355
11344 2255
11344 2355
11344 3355
11344 3444
11345 1455
11345 2455
11345 3455
11345 4455
11355 3555
11355 4555
11444 1255
11444 1355
11444 2255
11444 2355
11444 3355
11445 1455
11445 2455
11445 3455
11445 4455
11455 4555
12223 1144
12223 1145
12223 1155
12224 1155
12224 1335
12224 1344
12224 3335
12225 1355
12225 1455
12233 1144
12233 1145
12233 1155
12233 1244
12233 1245
12233 1255
12233 2333
12234 1155
12234 1245
12234 1255
12234 1344
12234 2344
12234 3344
12235 1355
12235 1455
12235 2355
12235 3355
12244 1155
12244 1255
12244 1355
12244 2345
12244 2355
12244 2444
12244 3345
12244 3355
12244 3444
12245 1455
12245 2455
12245 3455
12245 4455
12255 2555
12255 3555
12255 4555
12333 1144
12333 1145
12333 1155
12333 1244
12333 1245
12333 1255
12333 2244
12333 2245
12333 2255
12334 1155
12334 1255
12334 1344
12334 2255
12334 2344
12334 3344
12335 1355
12335 1455
12335 2355
12335 3355
12344 1155
12344 1255
12344 1355
12344 2255
12344 2355
12344 3355
12344 3444
12345 1455
12345 2455
12345 3455
12345 4455
12355 3555
12355 4555
12444 1155
12444 1255
12444 1355
12444 2255
12444 2355
12444 3355
12445 1455
12445 2455
12445 3455
12445 4455
12455 4555
13333 1144
13333 1145
13333 1155
13333 1244
13333 1245
13333 1255
13333 1334
13333 1335
13333 2244
13333 2245
13333 2255
13333 2334
13333 2335
13334 1155
13334 1255
13334 2255
13335 1455
13335 2455
13344 1155
13344 1255
13344 1355
13344 2255
13344 2355
13344 3355
13344 3444
13345 1455
13345 2455
13345 3455
13345 4455
13355 3555
13355 4555
13444 1155
13444 1255
13444 1355
13444 2255
13444 2355
13444 3355
13445 1455
13445 2455
13445 3455
13445 4455
13455 4555
14444 1155
14444 1255
14444 1355
14444 1445
14444 2255
14444 2355
14444 2445
14444 3355
14444 3445
14455 4555
22233 1144
22233 1145
22233 1155
22234 1155
22234 1344
22234 1345
22234 3344
22235 1355
22235 1455
22235 3355
22244 1155
22244 1355
22244 3345
22244 3355
22244 3444
22245 1455
22245 3455
22245 4455
22255 3555
22255 4555
22333 1144
22333 1145
22333 1155
22333 1244
22333 1245
22333 1255
22334 1155
22334 1255
22334 1344
22334 1345
22334 2344
22334 3344
22335 1355
22335 1455
22335 2355
22335 3355
22344 1155
22344 1255
22344 1355
22344 2355
22344 3355
22344 3444
22345 1455
22345 2455
22345 3455
22345 4455
22355 3555
22355 4555
22444 1155
22444 1255
22444 1355
22444 2355
22444 3355
22445 1455
22445 2455
22445 3455
22445 4455
22455 4555
23333 1144
23333 1145
23333 1155
23333 1244
23333 1245
23333 1255
23333 1334
23333 1335
23333 2244
23333 2245
23333 2255
23333 2334
23333 2335
23334 1155
23334 1255
23334 1345
23334 2255
23335 1455
23335 2455
23344 1155
23344 1255
23344 1355
23344 2255
23344 2355
23344 3355
23344 3444
23345 1455
23345 2455
23345 3455
23345 4455
23355 3555
23355 4555
23444 1155
23444 1255
23444 1355
23444 2255
23444 2355
23444 3355
23445 1455
23445 2455
23445 3455
23445 4455
23455 4555
24444 1155
24444 1255
24444 1355
24444 1445
24444 2255
24444 2355
24444 2445
24444 3355
24444 3445
24455 4555
33333 1144
33333 1145
33333 1155
33333 1244
33333 1245
33333 1255
33333 1334
33333 1335
33333 2244
33333 2245
33333 2255
33333 2334
33333 2335
33334 1155
33334 1255
33334 1345
33334 2255
33334 2345
33335 1455
33335 2455
33344 1155
33344 1255
33344 1355
33344 2255
33344 2355
33344 3355
33344 3444
33345 1455
33345 2455
33345 3455
33345 4455
33355 3555
33355 4555
33444 1155
33444 1255
33444 1355
33444 2255
33444 2355
33444 3355
33445 1455
33445 2455
33445 3455
33445 4455
33455 4555
34444 1155
34444 1255
34444 1355
34444 1445
34444 2255
34444 2355
34444 2445
34444 3355
34444 3445
34455 4555
44444 1155
44444 1255
44444 1355
44444 1445
44444 2255
44444 2355
44444 2445
44444 3355
44444 3445
44455 4555
11133 3333
11144 4444
11155 5555
11223 1234
11223 1235
11223 1244
11223 1245
11223 1255
11224 1245
11224 1255
11233 3333
11234 1345
11234 1355
11234 2345
11234 2355
11234 3345
11234 3355
11244 4444
11255 5555
11333 1334
11333 1335
11333 2334
11333 2335
11333 3334
11333 3335
11334 1345
11334 1355
11334 2345
11334 2355
11334 3345
11334 3355
11344 4444
11355 5555
11444 1445
11444 2445
11444 3445
11444 4445
11455 5555
12233 3333
12234 1345
12234 1355
12234 2345
12234 2355
12234 3345
12234 3355
12244 4444
12255 5555
12333 1334
12333 1335
12333 2334
12333 2335
12333 3334
12333 3335
12334 1345
12334 1355
12334 2345
12334 2355
12334 3345
12334 3355
12344 4444
12355 5555
12444 1445
12444 2445
12444 3445
12444 4445
12455 5555
13333 3334
13333 3335
13334 1345
13334 1355
13334 2345
13334 2355
13334 3345
13334 3355
13344 4444
13355 5555
13444 1445
13444 2445
13444 3445
13444 4445
13455 5555
14444 4445
14455 5555
22233 3333
22234 1355
22244 4444
22255 5555
22333 1334
22333 1335
22333 2334
22333 2335
22333 3334
22333 3335
22334 1355
22334 2345
22334 2355
22334 3345
22334 3355
22344 4444
22355 5555
22444 1445
22444 2445
22444 3445
22444 4445
22455 5555
23333 3334
23333 3335
23334 1355
23334 2345
23334 2355
23334 3345
23334 3355
23344 4444
23355 5555
23444 1445
23444 2445
23444 3445
23444 4445
23455 5555
24444 4445
24455 5555
33333 3334
33333 3335
33334 1355
33334 2355
33334 3345
33344 4444
33355 5555
33444 1445
33444 2445
33444 3445
33444 4445
33455 5555
34444 4445
34455 5555
44444 4445
44455 5555
11134 2244
11134 2335
11134 3335
11135 2255
11145 2255
11145 2355
11145 3355
11224 1235
11233 1234
11233 1235
11233 2234
11233 2235
11234 2244
11234 2335
11234 3335
11235 2255
11244 1245
11244 1345
11244 2245
11245 2255
11245 2355
11245 3355
11334 1245
11334 2245
11344 1245
11344 1345
11344 2245
11344 2345
11344 3345
11345 3355
12223 1134
12223 1135
12224 1145
12233 1234
12233 1235
12234 1145
12234 2335
12234 3335
12244 1245
12244 1345
12245 2355
12245 3355
12334 1145
12334 1245
12334 2245
12344 1345
12344 2345
12344 3345
12345 3355
13334 1145
13334 1245
13334 2245
13334 3344
13335 3355
13344 1345
13344 2345
13344 3345
14445 4455
22234 1145
22234 3335
22244 1345
22245 3355
22334 1145
22334 1245
22344 1345
22344 2345
22344 3345
22345 3355
23334 1145
23334 1245
23334 2245
23334 3344
23335 3355
23344 1345
23344 2345
23344 3345
24445 4455
33334 1145
33334 1245
33334 2245
33334 3344
33335 3355
33344 1345
33344 2345
33344 3345
34445 4455
44445 4455
11123 2234
11123 2235
11123 2244
11123 2245
11123 2255
11123 2333
11123 2334
11123 2335
11123 2344
11123 2345
11123 2355
11123 2444
11123 2445
11123 2455
11123 2555
11123 3333
11123 3334
11123 3335
11124 2245
11124 2255
11124 2344
11124 2345
11124 2355
11124 2444
11124 2445
11124 2455
11124 2555
11124 3344
11124 3345
11124 3355
11124 3444
11124 3445
11124 3455
11124 3555
11124 4444
11124 4445
11125 2355
11125 2455
11125 2555
11125 3355
11125 3455
11125 3555
11125 4455
11125 4555
11125 5555
11133 2334
11133 2335
11133 2344
11133 2345
11133 2355
11133 2444
11133 2445
11133 2455
11133 2555
11133 3334
11133 3335
11134 2345
11134 2355
11134 2444
11134 2445
11134 2455
11134 2555
11134 3345
11134 3355
11134 3444
11134 3445
11134 3455
11134 3555
11134 4444
11134 4445
11135 2455
11135 2555
11135 3455
11135 3555
11135 4455
11135 4555
11135 5555
11144 2445
11144 2455
11144 2555
11144 3445
11144 3455
11144 3555
11144 4445
11145 2555
11145 3555
11145 4555
11145 5555
11222 1333
11222 1334
11222 1335
11222 1344
11222 1345
11222 1355
11222 1444
11222 1445
11222 1455
11222 1555
11223 1333
11223 1334
11223 1335
11223 1344
11223 1345
11223 1355
11223 1444
11223 1445
11223 1455
11223 1555
11223 2333
11223 2334
11223 2335
11223 2344
11223 2345
11223 2355
11223 2444
11223 2445
11223 2455
11223 2555
11223 3333
11223 3334
11223 3335
11224 1344
11224 1345
11224 1355
11224 1444
11224 1445
11224 1455
11224 1555
11224 2344
11224 2345
11224 2355
11224 2444
11224 2445
11224 2455
11224 2555
11224 3344
11224 3345
11224 3355
11224 3444
11224 3445
11224 3455
11224 3555
11224 4444
11224 4445
11225 1355
11225 1455
11225 1555
11225 2355
11225 2455
11225 2555
11225 3355
11225 3455
11225 3555
11225 4455
11225 4555
11225 5555
11233 1334
11233 1335
11233 1344
11233 1345
11233 1355
11233 1444
11233 1445
11233 1455
11233 1555
11233 2334
11233 2335
11233 2344
11233 2345
11233 2355
11233 2444
11233 2445
11233 2455
11233 2555
11233 3334
11233 3335
11234 1444
11234 1445
11234 1455
11234 1555
11234 2444
11234 2445
11234 2455
11234 2555
11234 3444
11234 3445
11234 3455
11234 3555
11234 4444
11234 4445
11235 1455
11235 1555
11235 2455
11235 2555
11235 3455
11235 3555
11235 4455
11235 4555
11235 5555
11244 1445
11244 1455
11244 1555
11244 2445
11244 2455
11244 2555
11244 3445
11244 3455
11244 3555
11244 4445
11245 1555
11245 2555
11245 3555
11245 4555
11245 5555
11333 1344
11333 1345
11333 1355
11333 1444
11333 1445
11333 1455
11333 1555
11333 2344
11333 2345
11333 2355
11333 2444
11333 2445
11333 2455
11333 2555
11334 1444
11334 1445
11334 1455
11334 1555
11334 2444
11334 2445
11334 2455
11334 2555
11334 3444
11334 3445
11334 3455
11334 3555
11334 4444
11334 4445
11335 1455
11335 1555
11335 2455
11335 2555
11335 3455
11335 3555
11335 4455
11335 4555
11335 5555
11344 1445
11344 1455
11344 1555
11344 2445
11344 2455
11344 2555
11344 3445
11344 3455
11344 3555
11344 4445
11345 1555
11345 2555
11345 3555
11345 4555
11345 5555
11444 1455
11444 1555
11444 2455
11444 2555
11444 3455
11444 3555
11445 1555
11445 2555
11445 3555
11445 4555
11445 5555
12223 1333
12223 1334
12223 1335
12223 1344
12223 1345
12223 1355
12223 1444
12223 1445
12223 1455
12223 1555
12223 3333
12223 3334
12223 3335
12224 1345
12224 1355
12224 1444
12224 1445
12224 1455
12224 1555
12224 3344
12224 3345
12224 3355
12224 3444
12224 3445
12224 3455
12224 3555
12224 4444
12224 4445
12225 1555
12225 3355
12225 3455
12225 3555
12225 4455
12225 4555
12225 5555
12233 1334
12233 1335
12233 1344
12233 1345
12233 1355
12233 1444
12233 1445
12233 1455
12233 1555
12233 2334
12233 2335
12233 2344
12233 2345
12233 2355
12233 2444
12233 2445
12233 2455
12233 2555
12233 3334
12233 3335
12234 1444
12234 1445
12234 1455
12234 1555
12234 2444
12234 2445
12234 2455
12234 2555
12234 3444
12234 3445
12234 3455
12234 3555
12234 4444
12234 4445
12235 1555
12235 2455
12235 2555
12235 3455
12235 3555
12235 4455
12235 4555
12235 5555
12244 1445
12244 1455
12244 1555
12244 2445
12244 2455
12244 2555
12244 3445
12244 3455
12244 3555
12244 4445
12245 1555
12245 2555
12245 3555
12245 4555
12245 5555
12333 1344
12333 1345
12333 1355
12333 1444
12333 1445
12333 1455
12333 1555
12333 2344
12333 2345
12333 2355
12333 2444
12333 2445
12333 2455
12333 2555
12334 1444
12334 1445
12334 1455
12334 1555
12334 2444
12334 2445
12334 2455
12334 2555
12334 3444
12334 3445
12334 3455
12334 3555
12334 4444
12334 4445
12335 1555
12335 2455
12335 2555
12335 3455
12335 3555
12335 4455
12335 4555
12335 5555
12344 1445
12344 1455
12344 1555
12344 2445
12344 2455
12344 2555
12344 3445
12344 3455
12344 3555
12344 4445
12345 1555
12345 2555
12345 3555
12345 4555
12345 5555
12444 1455
12444 1555
12444 2455
12444 2555
12444 3455
12444 3555
12445 1555
12445 2555
12445 3555
12445 4555
12445 5555
13333 1344
13333 1345
13333 1355
13333 1444
13333 1445
13333 1455
13333 1555
13333 2344
13333 2345
13333 2355
13333 2444
13333 2445
13333 2455
13333 2555
13334 1444
13334 1445
13334 1455
13334 1555
13334 2444
13334 2445
13334 2455
13334 2555
13334 3444
13334 3445
13334 3455
13334 3555
13334 4444
13334 4445
13335 1555
13335 2555
13335 3455
13335 3555
13335 4455
13335 4555
13335 5555
13344 1445
13344 1455
13344 1555
13344 2445
13344 2455
13344 2555
13344 3445
13344 3455
13344 3555
13344 4445
13345 1555
13345 2555
13345 3555
13345 4555
13345 5555
13444 1455
13444 1555
13444 2455
13444 2555
13444 3455
13444 3555
13445 1555
13445 2555
13445 3555
13445 4555
13445 5555
14444 1455
14444 1555
14444 2455
14444 2555
14444 3455
14444 3555
14445 1555
14445 2555
14445 3555
14445 4555
14445 5555
22233 1334
22233 1335
22233 1344
22233 1345
22233 1355
22233 1444
22233 1445
22233 1455
22233 1555
22233 3334
22233 3335
22234 1444
22234 1445
22234 1455
22234 1555
22234 3345
22234 3355
22234 3444
22234 3445
22234 3455
22234 3555
22234 4444
22234 4445
22235 1555
22235 3455
22235 3555
22235 4455
22235 4555
22235 5555
22244 1445
22244 1455
22244 1555
22244 3445
22244 3455
22244 3555
22244 4445
22245 1555
22245 3555
22245 4555
22245 5555
22333 1344
22333 1345
22333 1355
22333 1444
22333 1445
22333 1455
22333 1555
22333 2344
22333 2345
22333 2355
22333 2444
22333 2445
22333 2455
22333 2555
22334 1444
22334 1445
22334 1455
22334 1555
22334 2444
22334 2445
22334 2455
22334 2555
22334 3444
22334 3445
22334 3455
22334 3555
22334 4444
22334 4445
22335 1555
22335 2455
22335 2555
22335 3455
22335 3555
22335 4455
22335 4555
22335 5555
22344 1445
22344 1455
22344 1555
22344 2445
22344 2455
22344 2555
22344 3445
22344 3455
22344 3555
22344 4445
22345 1555
22345 2555
22345 3555
22345 4555
22345 5555
22444 1455
22444 1555
22444 2455
22444 2555
22444 3455
22444 3555
22445 1555
22445 2555
22445 3555
22445 4555
22445 5555
23333 1344
23333 1345
23333 1355
23333 1444
23333 1445
23333 1455
23333 1555
23333 2344
23333 2345
23333 2355
23333 2444
23333 2445
23333 2455
23333 2555
23334 1444
23334 1445
23334 1455
23334 1555
23334 2444
23334 2445
23334 2455
23334 2555
23334 3444
23334 3445
23334 3455
23334 3555
23334 4444
23334 4445
23335 1555
23335 2555
23335 3455
23335 3555
23335 4455
23335 4555
23335 5555
23344 1445
23344 1455
23344 1555
23344 2445
23344 2455
23344 2555
23344 3445
23344 3455
23344 3555
23344 4445
23345 1555
23345 2555
23345 3555
23345 4555
23345 5555
23444 1455
23444 1555
23444 2455
23444 2555
23444 3455
23444 3555
23445 1555
23445 2555
23445 3555
23445 4555
23445 5555
24444 1455
24444 1555
24444 2455
24444 2555
24444 3455
24444 3555
24445 1555
24445 2555
24445 3555
24445 4555
24445 5555
33333 1344
33333 1345
33333 1355
33333 1444
33333 1445
33333 1455
33333 1555
33333 2344
33333 2345
33333 2355
33333 2444
33333 2445
33333 2455
33333 2555
33334 1444
33334 1445
33334 1455
33334 1555
33334 2444
33334 2445
33334 2455
33334 2555
33334 3355
33334 3444
33334 3445
33334 3455
33334 3555
33334 4444
33334 4445
33335 1555
33335 2555
33335 3455
33335 3555
33335 4455
33335 4555
33335 5555
33344 1445
33344 1455
33344 1555
33344 2445
33344 2455
33344 2555
33344 3445
33344 3455
33344 3555
33344 4445
33345 1555
33345 2555
33345 3555
33345 4555
33345 5555
33444 1455
33444 1555
33444 2455
33444 2555
33444 3455
33444 3555
33445 1555
33445 2555
33445 3555
33445 4555
33445 5555
34444 1455
34444 1555
34444 2455
34444 2555
34444 3455
34444 3555
34445 1555
34445 2555
34445 3555
34445 4555
34445 5555
44444 1455
44444 1555
44444 2455
44444 2555
44444 3455
44444 3555
44445 1555
44445 2555
44445 3555
44445 4555
44445 5555
11124 2234
11124 2334
11124 3334
11125 2235
11125 2245
11125 2335
11125 2345
11125 2445
11125 3335
11125 3345
11125 3445
11125 4445
11133 2233
11134 2235
11135 2245
11135 2345
11135 2445
11135 3345
11135 3445
11135 4445
11144 2244
11144 2344
11144 3344
11155 2255
11155 2355
11155 2455
11155 3355
11155 3455
11155 4455
11224 1234
11224 1334
11224 2334
11224 3334
11225 1235
11225 1245
11225 1335
11225 1345
11225 1445
11225 2335
11225 2345
11225 2445
11225 3335
11225 3345
11225 3445
11225 4445
11233 1233
11233 1333
11233 2233
11234 1235
11234 1244
11234 1335
11234 2235
11235 1245
11235 1255
11235 1345
11235 1445
11235 2245
11235 2345
11235 2445
11235 3345
11235 3445
11235 4445
11244 1244
11244 1344
11244 1444
11244 2244
11244 2344
11244 3344
11245 1255
11245 1355
11255 1255
11255 1355
11255 1455
11255 1555
11255 2255
11255 2355
11255 2455
11255 3355
11255 3455
11255 4455
11333 1234
11333 1235
11333 2234
11333 2235
11334 1235
11334 1335
11334 2235
11334 2335
11334 3335
11335 1345
11335 1445
11335 2345
11335 2445
11335 3345
11335 3445
11335 4445
