111224 233335
111224 333335
111234 223344
111234 223345
111234 223355
111234 233344
111234 233345
111234 233355
111234 333344
111234 333345
111234 333355
111235 223355
111235 233355
111235 333355
111244 223345
111244 223355
111244 223444
111244 233345
111244 233355
111244 233444
111244 333345
111244 333355
111244 333444
111245 223455
111245 224455
111245 233455
111245 234455
111245 244455
111245 333455
111245 334455
111245 344455
111245 444455
111255 223555
111255 224555
111255 233555
111255 234555
111255 244555
111255 333555
111255 334555
111255 344555
111255 444555
111334 222345
111334 222355
111334 223345
111334 223355
111334 233345
111334 233355
111334 333345
111334 333355
111335 222455
111344 222355
111344 223355
111344 223444
111344 233355
111344 233444
111344 333355
111344 333444
111345 222455
111345 223455
111345 224455
111345 233455
111345 234455
111345 244455
111345 333455
111345 334455
111345 344455
111345 444455
111355 223555
111355 224555
111355 233555
111355 234555
111355 244555
111355 333555
111355 334555
111355 344555
111355 444555
111455 224555
111455 234555
111455 244555
111455 334555
111455 344555
111455 444555
112224 133335
112224 333335
112234 123344
112234 123345
112234 123355
112234 123444
112234 123445
112234 123455
112234 133344
112234 133345
112234 133355
112234 233344
112234 233345
112234 233355
112234 333344
112234 333345
112234 333355
112235 123355
112235 123455
112235 133355
112235 233355
112235 233455
112235 234455
112235 244455
112235 333355
112244 123345
112244 123355
112244 123444
112244 133345
112244 133355
112244 133444
112244 233345
112244 233355
112244 233444
112244 333345
112244 333355
112244 333444
112245 123455
112245 123555
112245 124455
112245 133455
112245 134455
112245 144455
112245 233455
112245 233555
112245 234455
112245 244455
112245 333455
112245 334455
112245 344455
112245 444455
112255 123555
112255 124555
112255 133555
112255 134555
112255 144555
112255 233555
112255 234555
112255 244555
112255 333555
112255 334555
112255 344555
112255 444555
112334 122345
112334 122355
112334 122444
112334 123345
112334 123355
112334 123445
112334 133345
112334 133355
112334 223345
112334 223355
112334 233345
112334 233355
112334 333345
112334 333355
112335 122455
112335 123455
112335 124455
112335 133455
112335 134455
112335 223455
112335 224455
112335 233455
112335 234455
112335 244455
112344 122345
112344 122355
112344 123355
112344 123444
112344 133355
112344 133444
112344 223355
112344 223444
112344 233355
112344 233444
112344 333355
112344 333444
112345 122455
112345 122555
112345 123455
112345 123555
112345 124455
112345 133455
112345 133555
112345 134455
112345 134555
112345 144455
112345 144555
112345 223355
112345 223455
112345 223555
112345 224455
112345 224555
112345 233455
112345 233555
112345 234455
112345 234555
112345 244455
112345 333455
112345 333555
112345 334455
112345 344455
112345 444455
112355 123555
112355 124555
112355 133555
112355 134555
112355 144555
112355 223555
112355 224555
112355 233555
112355 234555
112355 244555
112355 333555
112355 334555
112355 344555
112355 444555
112445 123455
112445 123555
112455 124555
112455 134555
112455 144555
112455 224555
112455 234555
112455 244555
112455 334555
112455 344555
112455 444555
113333 122334
113333 122335
113333 123334
113333 123335
113333 222334
113333 222335
113333 223334
113333 223335
113334 122355
113334 123345
113334 123355
113334 133345
113334 133355
113334 222355
113334 223345
113334 223355
113334 233345
113334 233355
113334 333345
113334 333355
113335 122455
113335 123455
113335 222455
113335 223455
113344 123444
113344 133444
113344 223444
113344 233444
113344 333444
113345 123455
113345 124455
113345 133455
113345 134455
113345 144455
113345 223455
113345 224455
113345 233455
113345 234455
113345 244455
113345 333455
113345 334455
113345 344455
113345 444455
113355 123555
113355 124555
113355 133555
113355 134555
113355 144555
113355 223555
113355 224555
113355 233555
113355 234555
113355 244555
113355 333555
113355 334555
113355 344555
113355 444555
113444 122445
113444 222445
113445 123455
113445 123555
113455 124555
113455 134555
113455 144555
113455 224555
113455 234555
113455 244555
113455 334555
113455 344555
113455 444555
114444 122445
114444 123445
114444 124445
114444 133445
114444 134445
114444 222445
114444 223445
114444 224445
114444 233445
114444 234445
114444 333445
114444 334445
114455 124555
114455 134555
114455 144555
114455 224555
114455 234555
114455 244555
114455 334555
114455 344555
114455 444555
122234 113344
122234 113345
122234 113355
122234 133344
122234 133345
122234 133355
122234 333344
122234 333345
122234 333355
122235 113355
122235 133355
122235 333355
122244 113345
122244 113355
122244 113444
122244 133345
122244 133355
122244 133444
122244 333345
122244 333355
122244 333444
122245 113455
122245 114455
122245 133455
122245 134455
122245 144455
122245 333455
122245 334455
122245 344455
122245 444455
122255 113555
122255 114555
122255 133555
122255 134555
122255 144555
122255 333555
122255 334555
122255 344555
122255 444555
122334 112345
122334 112355
122334 113345
122334 113355
122334 123345
122334 123355
122334 133345
122334 133355
122334 233345
122334 233355
122334 333345
122334 333355
122335 112455
122335 113455
122335 123455
122335 124455
122344 112355
122344 113355
122344 113444
122344 123355
122344 123444
122344 133355
122344 133444
122344 233355
122344 233444
122344 333355
122344 333444
122345 112455
122345 112555
122345 113455
122345 113555
122345 114455
122345 123355
122345 123455
122345 123555
122345 124455
122345 124555
122345 133455
122345 133555
122345 134455
122345 134555
122345 144455
122345 233455
122345 234455
122345 234555
122345 244455
122345 333455
122345 334455
122345 344455
122345 444455
122355 113555
122355 114555
122355 123555
122355 124555
122355 133555
122355 134555
122355 144555
122355 233555
122355 234555
122355 244555
122355 333555
122355 334555
122355 344555
122355 444555
122445 113555
122445 133555
122445 233555
122455 114555
122455 124555
122455 134555
122455 144555
122455 234555
122455 244555
122455 334555
122455 344555
122455 444555
123333 112334
123333 112335
123333 113334
123333 113335
123333 122334
123333 122335
123333 123334
123333 123335
123333 223334
123333 223335
123334 112355
123334 113345
123334 113355
123334 122355
123334 123345
123334 123355
123334 133345
123334 133355
123334 223345
123334 223355
123334 233345
123334 233355
123334 333345
123334 333355
123335 112455
123335 113455
123335 122455
123335 123455
123335 223455
123344 113444
123344 123444
123344 133444
123344 223444
123344 233444
123344 333444
123345 113455
123345 113555
123345 114455
123345 123455
123345 123555
123345 124455
123345 133455
123345 134455
123345 144455
123345 223455
123345 223555
123345 224455
123345 233455
123345 234455
123345 244455
123345 333455
123345 334455
123345 344455
123345 444455
123355 113555
123355 114555
123355 123555
123355 124555
123355 133555
123355 134555
123355 144555
123355 223555
123355 224555
123355 233555
123355 234555
123355 244555
123355 333555
123355 334555
123355 344555
123355 444555
123444 112445
123444 122445
123444 123445
123445 122455
123445 122555
123445 123455
123445 123555
123445 133455
123445 133555
123445 134455
123445 223455
123445 223555
123445 233455
123445 233555
123445 234455
123445 234555
123455 114555
123455 124555
123455 134555
123455 144555
123455 224555
123455 234555
123455 244555
123455 334555
123455 344555
123455 444555
124444 112445
124444 113445
124444 114445
124444 122445
124444 123445
124444 124445
124444 133445
124444 134445
124444 223445
124444 224445
124444 233445
124444 234445
124444 333445
124444 334445
124455 114555
124455 124555
124455 134555
124455 144555
124455 224555
124455 234555
124455 244555
124455 334555
124455 344555
124455 444555
133333 112334
133333 112335
133333 113334
133333 113335
133333 122334
133333 122335
133333 123334
133333 123335
133333 222334
133333 222335
133333 223334
133333 223335
133334 112355
133334 113345
133334 113355
133334 122355
133334 123345
133334 123355
133334 133345
133334 133355
133334 222355
133334 223345
133334 223355
133334 233345
133334 233355
133334 333345
133334 333355
133335 112455
133335 113455
133335 122455
133335 123455
133335 222455
133335 223455
133344 113444
133344 123444
133344 133444
133344 223444
133344 233444
133344 333444
133345 113455
133345 114455
133345 123455
133345 124455
133345 133455
133345 134455
133345 144455
133345 223455
133345 224455
133345 233455
133345 234455
133345 244455
133345 333455
133345 334455
133345 344455
133345 444455
133355 113555
133355 114555
133355 123555
133355 124555
133355 133555
133355 134555
133355 144555
133355 223555
133355 224555
133355 233555
133355 234555
133355 244555
133355 333555
133355 334555
133355 344555
133355 444555
133444 112445
133444 122445
133444 222445
133455 114555
133455 124555
133455 134555
133455 144555
133455 224555
133455 234555
133455 244555
133455 334555
133455 344555
133455 444555
134444 112445
134444 113445
134444 114445
134444 122445
134444 123445
134444 124445
134444 133445
134444 134445
134444 222445
134444 223445
134444 224445
134444 233445
134444 234445
134444 333445
134444 334445
134455 114555
134455 124555
134455 134555
134455 144555
134455 224555
134455 234555
134455 244555
134455 334555
134455 344555
134455 444555
144444 112445
144444 113445
144444 114445
144444 122445
144444 123445
144444 124445
144444 133445
144444 134445
144444 222445
144444 223445
144444 224445
144444 233445
144444 234445
144444 333445
144444 334445
144455 114555
144455 124555
144455 134555
144455 144555
144455 224555
144455 234555
144455 244555
144455 334555
144455 344555
144455 444555
222333 111334
222333 111335
222334 111355
222334 113345
222334 113355
222334 133345
222334 133355
222334 333345
222334 333355
222335 111455
222335 113455
222344 111355
222344 113355
222344 113444
222344 133355
222344 133444
222344 333355
222344 333444
222345 113455
222345 114455
222345 133455
222345 134455
222345 144455
222345 333455
222345 334455
222345 344455
222345 444455
222355 113555
222355 114555
222355 133555
222355 134555
222355 144555
222355 333555
222355 334555
222355 344555
222355 444555
222444 111445
222455 114555
222455 134555
222455 144555
222455 334555
222455 344555
222455 444555
223333 111334
223333 111335
223333 112334
223333 112335
223333 113334
223333 113335
223333 123334
223333 123335
223334 111355
223334 112355
223334 113345
223334 113355
223334 123345
223334 123355
223334 133345
223334 133355
223334 233345
223334 233355
223334 333345
223334 333355
223335 111455
223335 112455
223335 113455
223335 123455
223344 113444
223344 123444
223344 133444
223344 233444
223344 333444
223345 113455
223345 114455
223345 123455
223345 124455
223345 133455
223345 134455
223345 144455
223345 233455
223345 234455
223345 244455
223345 333455
223345 334455
223345 344455
223345 444455
223355 113555
223355 114555
223355 123555
223355 124555
223355 133555
223355 134555
223355 144555
223355 233555
223355 234555
223355 244555
223355 333555
223355 334555
223355 344555
223355 444555
223444 111445
223444 112445
223455 114555
223455 124555
223455 134555
223455 144555
223455 234555
223455 244555
223455 334555
223455 344555
223455 444555
224444 111445
224444 112445
224444 113445
224444 114445
224444 123445
224444 124445
224444 133445
224444 134445
224444 233445
224444 234445
224444 333445
224444 334445
224455 114555
224455 124555
224455 134555
224455 144555
224455 234555
224455 244555
224455 334555
224455 344555
224455 444555
233333 111334
233333 111335
233333 112334
233333 112335
233333 113334
233333 113335
233333 122334
233333 122335
233333 123334
233333 123335
233333 223334
233333 223335
233334 111355
233334 112355
233334 113345
233334 113355
233334 122355
233334 123345
233334 123355
233334 133345
233334 133355
233334 223345
233334 223355
233334 233345
233334 233355
233334 333345
233334 333355
233335 111455
233335 112455
233335 113455
233335 122455
233335 123455
233335 223455
233344 113444
233344 123444
233344 133444
233344 223444
233344 233444
233344 333444
233345 113455
233345 114455
233345 123455
233345 124455
233345 133455
233345 134455
233345 144455
233345 223455
233345 224455
233345 233455
233345 234455
233345 244455
233345 333455
233345 334455
233345 344455
233345 444455
233355 113555
233355 114555
233355 123555
233355 124555
233355 133555
233355 134555
233355 144555
233355 223555
233355 224555
233355 233555
233355 234555
233355 244555
233355 333555
233355 334555
233355 344555
233355 444555
233444 111445
233444 112445
233444 122445
233455 114555
233455 124555
233455 134555
233455 144555
233455 224555
233455 234555
233455 244555
233455 334555
233455 344555
233455 444555
234444 111445
234444 112445
234444 113445
234444 114445
234444 122445
234444 123445
234444 124445
234444 133445
234444 134445
234444 223445
234444 224445
234444 233445
234444 234445
234444 333445
234444 334445
234455 114555
234455 124555
234455 134555
234455 144555
234455 224555
234455 234555
234455 244555
234455 334555
234455 344555
234455 444555
244444 111445
244444 112445
244444 113445
244444 114445
244444 122445
244444 123445
244444 124445
244444 133445
244444 134445
244444 223445
244444 224445
244444 233445
244444 234445
244444 333445
244444 334445
244455 114555
244455 124555
244455 134555
244455 144555
244455 224555
244455 234555
244455 244555
244455 334555
244455 344555
244455 444555
333333 111334
333333 111335
333333 112334
333333 112335
333333 113334
333333 113335
333333 122334
333333 122335
333333 123334
333333 123335
333333 222334
333333 222335
333333 223334
333333 223335
333334 111355
333334 112355
333334 113345
333334 113355
333334 122355
333334 123345
333334 123355
333334 133345
333334 133355
333334 222355
333334 223345
333334 223355
333334 233345
333334 233355
333334 333345
333334 333355
333335 111455
333335 112455
333335 113455
333335 122455
333335 123455
333335 222455
333335 223455
333344 113444
333344 123444
333344 133444
333344 223444
333344 233444
333344 333444
333345 113455
333345 114455
333345 123455
333345 124455
333345 133455
333345 134455
333345 144455
333345 223455
333345 224455
333345 233455
333345 234455
333345 244455
333345 333455
333345 334455
333345 344455
333345 444455
333355 113555
333355 114555
333355 123555
333355 124555
333355 133555
333355 134555
333355 144555
333355 223555
333355 224555
333355 233555
333355 234555
333355 244555
333355 333555
333355 334555
333355 344555
333355 444555
333444 111445
333444 112445
333444 122445
333444 222445
333455 114555
333455 124555
333455 134555
333455 144555
333455 224555
333455 234555
333455 244555
333455 334555
333455 344555
333455 444555
334444 111445
334444 112445
334444 113445
334444 114445
334444 122445
334444 123445
334444 124445
334444 133445
334444 134445
334444 222445
334444 223445
334444 224445
334444 233445
334444 234445
334444 333445
334444 334445
334455 114555
334455 124555
334455 134555
334455 144555
334455 224555
334455 234555
334455 244555
334455 334555
334455 344555
334455 444555
344444 111445
344444 112445
344444 113445
344444 114445
344444 122445
344444 123445
344444 124445
344444 133445
344444 134445
344444 222445
344444 223445
344444 224445
344444 233445
344444 234445
344444 333445
344444 334445
344455 114555
344455 124555
344455 134555
344455 144555
344455 224555
344455 234555
344455 244555
344455 334555
344455 344555
344455 444555
444444 111445
444444 112445
444444 113445
444444 114445
444444 122445
444444 123445
444444 124445
444444 133445
444444 134445
444444 222445
444444 223445
444444 224445
444444 233445
444444 234445
444444 333445
444444 334445
444455 114555
444455 124555
444455 134555
444455 144555
444455 224555
444455 234555
444455 244555
444455 334555
444455 344555
444455 444555
111224 233344
111224 233345
111224 233355
111224 333344
111224 333345
111224 333355
111225 233355
111225 233455
111225 234455
111225 244455
111225 333355
111225 333455
111225 334455
111225 344455
111225 444455
111233 223333
111233 233333
111233 333333
111235 223455
111235 224455
111235 233455
111235 234455
111235 244455
111235 333455
111235 334455
111235 344455
111235 444455
111244 224444
111244 234444
111244 244444
111244 334444
111244 344444
111244 444444
111245 223555
111245 233555
111245 333555
111255 225555
111255 235555
111255 245555
111255 255555
111255 335555
111255 345555
111255 355555
111255 445555
111255 455555
111255 555555
111333 222334
111333 222335
111333 223334
111333 223335
111334 222444
111335 222555
111335 223455
111335 224455
111335 233455
111335 234455
111335 244455
111335 333455
111335 334455
111335 344455
111335 444455
111344 222445
111344 224444
111344 234444
111344 244444
111344 334444
111344 344444
111344 444444
111345 222555
111345 223555
111345 233555
111345 333555
111355 225555
111355 235555
111355 245555
111355 255555
111355 335555
111355 345555
111355 355555
111355 445555
111355 455555
111355 555555
111444 222445
111444 223445
111444 224445
111444 233445
111444 234445
111444 333445
111444 334445
111445 222555
111445 223555
111445 233555
111445 333555
111455 225555
111455 235555
111455 245555
111455 255555
111455 335555
111455 345555
111455 355555
111455 445555
111455 455555
111455 555555
112224 133344
112224 133345
112224 133355
112224 333344
112224 333345
112224 333355
112225 133355
112225 133455
112225 134455
112225 144455
112225 333355
112225 333455
112225 334455
112225 344455
112225 444455
112233 123333
112233 133333
112233 233333
112233 333333
112235 124455
112235 133455
112235 134455
112235 144455
112235 333455
112235 334455
112235 344455
112235 444455
112244 124444
112244 134444
112244 144444
112244 234444
112244 244444
112244 334444
112244 344444
112244 444444
112245 133555
112245 333555
112255 125555
112255 135555
112255 145555
112255 155555
112255 235555
112255 245555
112255 255555
112255 335555
112255 345555
112255 355555
112255 445555
112255 455555
112255 555555
112333 122334
112333 122335
112333 123334
112333 123335
112333 223334
112333 223335
112335 122555
112335 144455
112335 333455
112335 334455
112335 344455
112335 444455
112344 122445
112344 124444
112344 134444
112344 144444
112344 224444
112344 234444
112344 244444
112344 334444
112344 344444
112344 444444
112355 125555
112355 135555
112355 145555
112355 155555
112355 225555
112355 235555
112355 245555
112355 255555
112355 335555
112355 345555
112355 355555
112355 445555
112355 455555
112355 555555
112444 122445
112444 123445
112444 124445
112444 133445
112444 134445
112444 223445
112444 224445
112444 233445
112444 234445
112444 333445
112444 334445
112445 122555
112445 133555
112445 223555
112445 233555
112445 333555
112455 125555
112455 135555
112455 145555
112455 155555
112455 225555
112455 235555
112455 245555
112455 255555
112455 335555
112455 345555
112455 355555
112455 445555
112455 455555
112455 555555
113334 122444
113334 222444
113335 122555
113335 124455
113335 133455
113335 134455
113335 144455
113335 222555
113335 224455
113335 233455
113335 234455
113335 244455
113335 333455
113335 334455
113335 344455
113335 444455
113344 122445
113344 124444
113344 134444
113344 144444
113344 222445
113344 224444
113344 234444
113344 244444
113344 334444
113344 344444
113344 444444
113345 122555
113345 123555
113345 133555
113345 222555
113345 223555
113345 233555
113345 333555
113355 125555
113355 135555
113355 145555
113355 155555
113355 225555
113355 235555
113355 245555
113355 255555
113355 335555
113355 345555
113355 355555
113355 445555
113355 455555
113355 555555
113444 123445
113444 124445
113444 133445
113444 134445
113444 223445
113444 224445
113444 233445
113444 234445
113444 333445
113444 334445
113445 122555
113445 133555
113445 222555
113445 223555
113445 233555
113445 333555
113455 125555
113455 135555
113455 145555
113455 155555
113455 225555
113455 235555
113455 245555
113455 255555
113455 335555
113455 345555
113455 355555
113455 445555
113455 455555
113455 555555
114445 122555
114445 123555
114445 133555
114445 222555
114445 223555
114445 233555
114445 333555
114455 125555
114455 135555
114455 145555
114455 155555
114455 225555
114455 235555
114455 245555
114455 255555
114455 335555
114455 345555
114455 355555
114455 445555
114455 455555
114455 555555
122233 113333
122233 133333
122233 333333
122235 113455
122235 114455
122235 133455
122235 134455
122235 144455
122235 333455
122235 334455
122235 344455
122235 444455
122244 114444
122244 134444
122244 144444
122244 334444
122244 344444
122244 444444
122245 113555
122245 133555
122245 333555
122255 115555
122255 135555
122255 145555
122255 155555
122255 335555
122255 345555
122255 355555
122255 445555
122255 455555
122255 555555
122333 112334
122333 112335
122333 113334
122333 113335
122333 123334
122333 123335
122334 112444
122335 112555
122335 114455
122335 133455
122335 134455
122335 144455
122335 233455
122335 234455
122335 244455
122335 333455
122335 334455
122335 344455
122335 444455
122344 112445
122344 114444
122344 124444
122344 134444
122344 144444
122344 234444
122344 244444
