11233 122333
11244 122444
11255 122555
11333 122244
11333 122245
11333 122255
11334 122255
11334 122344
11334 222344
11335 122355
11335 222355
11344 122255
11344 123345
11344 123444
11344 133345
11344 133444
11344 223345
11344 223444
11344 233345
11344 233444
11344 333345
11344 333444
11345 123455
11355 123555
11355 133555
11355 223555
11355 233555
11355 333555
11444 122255
11444 122355
11444 123355
11444 133355
11444 222355
11444 223355
11444 233355
11444 333355
11445 122455
11445 123455
11445 133455
11445 222455
11445 223455
11445 233455
11445 333455
11455 124555
11455 134555
11455 144555
11455 224555
11455 234555
11455 244555
11455 334555
11455 344555
11455 444555
12233 112333
12244 112345
12244 112444
12244 113345
12255 112555
12333 112244
12333 112245
12333 112255
12334 112255
12334 112344
12334 122344
12334 123344
12335 112355
12335 122355
12344 112255
12344 113345
12344 113444
12344 123345
12344 123444
12344 133345
12344 133444
12344 223345
12344 223444
12344 233345
12344 233444
12344 333345
12344 333444
12345 112455
12345 113455
12345 114455
12345 122455
12345 123455
12345 124455
12345 133455
12355 113555
12355 123555
12355 133555
12355 223555
12355 233555
12355 333555
12444 112255
12444 112355
12444 113355
12444 122355
12444 123355
12444 133355
12444 223355
12444 233355
12444 333355
12445 112455
12445 113455
12445 122455
12445 123455
12445 133455
12445 223455
12445 233455
12445 333455
12455 114555
12455 124555
12455 134555
12455 144555
12455 224555
12455 234555
12455 244555
12455 334555
12455 344555
12455 444555
13333 112244
13333 112245
13333 112255
13333 112334
13333 112335
13333 122244
13333 122245
13333 122255
13333 122334
13333 122335
13333 222334
13333 222335
13334 112255
13334 112344
13334 113344
13334 122255
13334 122344
13334 123344
13334 222344
13334 223344
13335 112355
13335 113355
13335 122355
13335 123355
13335 222355
13335 223355
13344 112255
13344 112355
13344 113355
13344 113444
13344 122255
13344 122355
13344 123355
13344 123444
13344 133355
13344 133444
13344 222355
13344 223355
13344 223444
13344 233355
13344 233444
13344 333355
13344 333444
13345 112455
13345 123455
13355 113555
13355 123555
13355 133555
13355 223555
13355 233555
13355 333555
13444 112255
13444 112355
13444 113355
13444 122255
13444 122355
13444 123355
13444 133355
13444 222355
13444 223355
13444 233355
13444 333355
13445 112455
13445 113455
13445 122455
13445 123455
13445 124455
13445 133455
13445 222455
13445 223455
13445 233455
13445 234455
13445 333455
13455 114555
13455 124555
13455 134555
13455 144555
13455 224555
13455 234555
13455 244555
13455 334555
13455 344555
13455 444555
14444 112255
14444 112355
14444 112445
14444 113355
14444 113445
14444 122255
14444 122355
14444 122445
14444 123355
14444 123445
14444 133355
14444 133445
14444 222355
14444 222445
14444 223355
14444 223445
14444 233355
14444 233445
14444 333355
14444 333445
14445 112455
14445 113455
14445 114455
14445 122455
14445 123455
14445 124455
14445 133455
14445 134455
14445 222455
14445 223455
14445 224455
14445 233455
14445 234455
14445 333455
14445 334455
14455 114555
14455 124555
14455 134555
14455 144555
14455 224555
14455 234555
14455 244555
14455 334555
14455 344555
14455 444555
22244 111355
22244 113345
22333 111244
22333 111245
22333 111255
22334 111255
22334 111344
22334 112344
22335 111355
22335 112355
22344 111255
22344 111355
22344 113345
22344 113444
22344 123345
22344 123444
22344 133345
22344 133444
22344 233345
22344 233444
22344 333345
22344 333444
22345 111455
22355 113555
22355 123555
22355 133555
22355 233555
22355 333555
22444 111255
22444 111355
22444 112355
22444 113355
22444 123355
22444 133355
22444 233355
22444 333355
22445 111455
22445 112455
22445 113455
22445 123455
22445 133455
22445 233455
22445 333455
22455 114555
22455 124555
22455 134555
22455 144555
22455 234555
22455 244555
22455 334555
22455 344555
22455 444555
23333 111244
23333 111245
23333 111255
23333 111334
23333 111335
23333 112244
23333 112245
23333 112255
23333 112334
23333 112335
23333 122334
23333 122335
23334 111255
23334 111344
23334 112255
23334 112344
23334 113344
23334 122344
23334 123344
23334 223344
23335 111355
23335 112355
23335 113355
23335 122355
23335 123355
23335 223355
23344 111255
23344 111355
23344 112255
23344 112355
23344 113355
23344 113444
23344 122355
23344 123355
23344 123444
23344 133355
23344 133444
23344 223355
23344 223444
23344 233355
23344 233444
23344 333355
23344 333444
23345 111455
23345 123455
23355 113555
23355 123555
23355 133555
23355 223555
23355 233555
23355 333555
23444 111255
23444 111355
23444 112255
23444 112355
23444 113355
23444 122355
23444 123355
23444 133355
23444 223355
23444 233355
23444 333355
23445 111455
23445 112455
23445 113455
23445 122455
23445 123455
23445 124455
23445 133455
23445 134455
23445 223455
23445 233455
23445 234455
23445 333455
23455 114555
23455 124555
23455 134555
23455 144555
23455 224555
23455 234555
23455 244555
23455 334555
23455 344555
23455 444555
24444 111255
24444 111355
24444 111445
24444 112255
24444 112355
24444 112445
24444 113355
24444 113445
24444 122355
24444 122445
24444 123355
24444 123445
24444 133355
24444 133445
24444 223355
24444 223445
24444 233355
24444 233445
24444 333355
24444 333445
24445 111455
24445 112455
24445 113455
24445 114455
24445 122455
24445 123455
24445 124455
24445 133455
24445 134455
24445 223455
24445 224455
24445 233455
24445 234455
24445 333455
24445 334455
24455 114555
24455 124555
24455 134555
24455 144555
24455 224555
24455 234555
24455 244555
24455 334555
24455 344555
24455 444555
33333 111244
33333 111245
33333 111255
33333 111334
33333 111335
33333 112244
33333 112245
33333 112255
33333 112334
33333 112335
33333 122244
33333 122245
33333 122255
33333 122334
33333 122335
33333 222334
33333 222335
33334 111255
33334 111344
33334 112255
33334 112344
33334 113344
33334 122255
33334 122344
33334 123344
33334 222344
33334 223344
33335 111355
33335 112355
33335 113355
33335 122355
33335 123355
33335 222355
33335 223355
33344 111255
33344 111355
33344 112255
33344 112355
33344 113355
33344 113444
33344 122255
33344 122355
33344 123355
33344 123444
33344 133355
33344 133444
33344 222355
33344 223355
33344 223444
33344 233355
33344 233444
33344 333355
33344 333444
33355 113555
33355 123555
33355 133555
33355 223555
33355 233555
33355 333555
33444 111255
33444 111355
33444 112255
33444 112355
33444 113355
33444 122255
33444 122355
33444 123355
33444 133355
33444 222355
33444 223355
33444 233355
33444 333355
33445 111455
33445 112455
33445 113455
33445 122455
33445 123455
33445 133455
33445 222455
33445 223455
33445 233455
33445 333455
33455 114555
33455 124555
33455 134555
33455 144555
33455 224555
33455 234555
33455 244555
33455 334555
33455 344555
33455 444555
34444 111255
34444 111355
34444 111445
34444 112255
34444 112355
34444 112445
34444 113355
34444 113445
34444 122255
34444 122355
34444 122445
34444 123355
34444 123445
34444 133355
34444 133445
34444 222355
34444 222445
34444 223355
34444 223445
34444 233355
34444 233445
34444 333355
34444 333445
34445 111455
34445 112455
34445 113455
34445 114455
34445 122455
34445 123455
34445 124455
34445 133455
34445 134455
34445 222455
34445 223455
34445 224455
34445 233455
34445 234455
34445 333455
34445 334455
34455 114555
34455 124555
34455 134555
34455 144555
34455 224555
34455 234555
34455 244555
34455 334555
34455 344555
34455 444555
44444 111255
44444 111355
44444 111445
44444 112255
44444 112355
44444 112445
44444 113355
44444 113445
44444 122255
44444 122355
44444 122445
44444 123355
44444 123445
44444 133355
44444 133445
44444 222355
44444 222445
44444 223355
44444 223445
44444 233355
44444 233445
44444 333355
44444 333445
44445 111455
44445 112455
44445 113455
44445 114455
44445 122455
44445 123455
44445 124455
44445 133455
44445 134455
44445 222455
44445 223455
44445 224455
44445 233455
44445 234455
44445 333455
44445 334455
44455 114555
44455 124555
44455 134555
44455 144555
44455 224555
44455 234555
44455 244555
44455 334555
44455 344555
44455 444555
11124 223335
11124 233335
11124 333335
11133 222333
11134 222344
11134 223344
11134 233344
11134 333344
11135 222355
11135 223355
11135 233355
11135 333355
11144 222345
11144 222355
11144 222444
11144 223345
11144 223355
11144 223444
11144 233345
11144 233355
11144 233444
11144 333345
11144 333355
11144 333444
11145 222455
11145 223455
11145 224455
11145 233455
11145 234455
11145 244455
11145 333455
11145 334455
11145 344455
11145 444455
11155 222555
11155 223555
11155 224555
11155 233555
11155 234555
11155 244555
11155 333555
11155 334555
11155 344555
11155 444555
11224 123335
11224 133335
11224 233335
11224 333335
11233 123333
11233 133333
11233 223333
11233 233333
11233 333333
11234 122344
11234 122345
11234 122355
11234 123344
11234 123345
11234 123355
11234 133344
11234 133345
11234 133355
11234 223344
11234 223345
11234 223355
11234 233344
11234 233345
11234 233355
11234 333344
11234 333345
11234 333355
11235 122355
11235 123355
11235 133355
11235 223355
11235 233355
11235 333355
11244 122345
11244 122355
11244 123345
11244 123355
11244 123444
11244 124444
11244 133345
11244 133355
11244 133444
11244 134444
11244 144444
11244 223345
11244 223355
11244 223444
11244 224444
11244 233345
11244 233355
11244 233444
11244 234444
11244 244444
11244 333345
11244 333355
11244 333444
11244 334444
11244 344444
11244 444444
11245 122455
11245 123455
11245 124455
11245 133455
11245 134455
11245 144455
11245 223455
11245 224455
11245 233455
11245 234455
11245 244455
11245 333455
11245 334455
11245 344455
11245 444455
11255 123555
11255 124555
11255 125555
11255 133555
11255 134555
11255 135555
11255 144555
11255 145555
11255 155555
11255 223555
11255 224555
11255 225555
11255 233555
11255 234555
11255 235555
11255 244555
11255 245555
11255 255555
11255 333555
11255 334555
11255 335555
11255 344555
11255 345555
11255 355555
11255 444555
11255 445555
11255 455555
11255 555555
11334 122345
11334 122355
11334 123344
11334 123345
11334 123355
11334 133344
11334 133345
11334 133355
11334 222345
11334 222355
11334 223344
11334 223345
11334 223355
11334 233344
11334 233345
11334 233355
11334 333344
11334 333345
11334 333355
11335 123355
11335 133355
11335 223355
11335 233355
11335 333355
11344 122355
11344 123355
11344 124444
11344 133355
11344 134444
11344 144444
11344 222355
11344 223355
11344 224444
11344 233355
11344 234444
11344 244444
11344 333355
11344 334444
11344 344444
11344 444444
11345 122455
11345 124455
11345 133455
11345 134455
11345 144455
11345 222455
11345 223455
11345 224455
11345 233455
11345 234455
11345 244455
11345 333455
11345 334455
11345 344455
11345 444455
11355 124555
11355 125555
11355 134555
11355 135555
11355 144555
11355 145555
11355 155555
11355 224555
11355 225555
11355 234555
11355 235555
11355 244555
11355 245555
11355 255555
11355 334555
11355 335555
11355 344555
11355 345555
11355 355555
11355 444555
11355 445555
11355 455555
11355 555555
11445 124455
11445 134455
11445 144455
11445 224455
11445 234455
11445 244455
11445 334455
11445 344455
11445 444455
11455 125555
11455 135555
11455 145555
11455 155555
11455 225555
11455 235555
11455 245555
11455 255555
11455 335555
11455 345555
11455 355555
11455 445555
11455 455555
11455 555555
12224 113335
12224 133335
12224 333335
12233 113333
12233 123333
12233 133333
12233 233333
12233 333333
12234 112344
12234 112345
12234 112355
12234 113344
12234 113345
12234 113355
12234 123344
12234 123345
12234 123355
12234 133344
12234 133345
12234 133355
12234 233344
12234 233345
12234 233355
12234 333344
12234 333345
12234 333355
12235 112355
12235 113355
12235 123355
12235 133355
12235 233355
12235 333355
12244 112355
12244 113355
12244 113444
12244 114444
12244 123345
12244 123355
12244 123444
12244 124444
12244 133345
12244 133355
12244 133444
12244 134444
12244 144444
12244 233345
12244 233355
12244 233444
12244 234444
12244 244444
12244 333345
12244 333355
12244 333444
12244 334444
12244 344444
12244 444444
12245 112455
12245 113455
12245 114455
12245 123455
12245 124455
12245 133455
12245 134455
12245 144455
12245 233455
12245 234455
12245 244455
12245 333455
12245 334455
12245 344455
12245 444455
12255 113555
12255 114555
12255 115555
12255 123555
12255 124555
12255 125555
12255 133555
12255 134555
12255 135555
12255 144555
12255 145555
12255 155555
12255 233555
12255 234555
12255 235555
12255 244555
12255 245555
12255 255555
12255 333555
12255 334555
12255 335555
12255 344555
12255 345555
12255 355555
12255 444555
12255 445555
12255 455555
12255 555555
12333 112334
12333 112335
12333 113334
12333 113335
12333 122334
12333 122335
12333 123334
12333 123335
12333 223334
12333 223335
12334 112345
12334 112355
12334 113344
12334 113345
12334 113355
12334 122345
12334 122355
12334 123345
12334 123355
12334 133344
12334 133345
12334 133355
12334 223344
12334 223345
12334 223355
12334 233344
12334 233345
12334 233355
12334 333344
12334 333345
12334 333355
12335 113355
12335 123355
12335 133355
12335 223355
12335 233355
12335 333355
12344 112355
12344 113355
12344 114444
12344 122355
12344 123355
12344 124444
12344 133355
12344 134444
12344 144444
12344 223355
12344 224444
12344 233355
12344 234444
12344 244444
12344 333355
12344 334444
12344 344444
12344 444444
12345 134455
12345 144455
12345 223455
12345 224455
12345 233455
12345 234455
12345 244455
12345 333455
12345 334455
12345 344455
12345 444455
12355 114555
12355 115555
12355 124555
12355 125555
12355 134555
12355 135555
12355 144555
12355 145555
12355 155555
12355 224555
12355 225555
12355 234555
12355 235555
12355 244555
12355 245555
12355 255555
12355 334555
12355 335555
12355 344555
12355 345555
12355 355555
12355 444555
12355 445555
12355 455555
12355 555555
12444 112445
12444 113445
12444 114445
12444 122445
12444 123445
12444 124445
12444 133445
12444 134445
12444 223445
12444 224445
12444 233445
12444 234445
12444 333445
12444 334445
12445 114455
12445 124455
12445 134455
12445 144455
12445 224455
12445 234455
12445 244455
12445 334455
12445 344455
12445 444455
12455 115555
12455 125555
12455 135555
12455 145555
12455 155555
12455 225555
12455 235555
12455 245555
12455 255555
12455 335555
12455 345555
12455 355555
12455 445555
12455 455555
12455 555555
13333 113334
13333 113335
13333 123334
13333 123335
13333 223334
13333 223335
13334 112345
13334 112355
13334 113345
13334 113355
13334 122345
13334 122355
13334 123345
13334 123355
13334 133344
13334 133345
13334 133355
13334 222345
13334 222355
13334 223345
13334 223355
13334 233344
13334 233345
13334 233355
13334 333344
13334 333345
13334 333355
13335 133355
13335 233355
13335 333355
13344 114444
13344 124444
13344 134444
13344 144444
13344 224444
13344 234444
13344 244444
13344 334444
13344 344444
13344 444444
13345 113455
13345 114455
13345 122455
13345 124455
13345 133455
13345 134455
13345 144455
13345 222455
13345 223455
13345 224455
13345 233455
13345 234455
13345 244455
13345 333455
13345 334455
13345 344455
13345 444455
13355 114555
13355 115555
13355 124555
13355 125555
13355 134555
13355 135555
13355 144555
13355 145555
13355 155555
13355 224555
13355 225555
13355 234555
13355 235555
13355 244555
13355 245555
13355 255555
13355 334555
13355 335555
13355 344555
13355 345555
13355 355555
13355 444555
13355 445555
13355 455555
13355 555555
13444 112445
13444 113445
13444 114445
13444 122445
13444 123445
13444 124445
13444 133445
13444 134445
13444 222445
13444 223445
13444 224445
13444 233445
13444 234445
13444 333445
13444 334445
13445 114455
13445 134455
13445 144455
13445 224455
13445 244455
13445 334455
13445 344455
13445 444455
13455 115555
13455 125555
13455 135555
13455 145555
13455 155555
13455 225555
13455 235555
13455 245555
13455 255555
13455 335555
13455 345555
13455 355555
13455 445555
13455 455555
13455 555555
14444 114445
14444 124445
14444 134445
14444 224445
14444 234445
14444 334445
14445 144455
14445 244455
14445 344455
14445 444455
14455 115555
14455 125555
14455 135555
14455 145555
14455 155555
14455 225555
14455 235555
14455 245555
14455 255555
14455 335555
14455 345555
14455 355555
14455 445555
14455 455555
14455 555555
22234 111344
22234 113344
22234 133344
22234 333344
22235 111355
22235 113355
22235 133355
22235 333355
22244 113355
22244 113444
22244 133345
22244 133355
22244 133444
22244 333345
22244 333355
22244 333444
22245 111455
22245 113455
22245 114455
22245 133455
22245 134455
22245 144455
22245 333455
22245 334455
22245 344455
22245 444455
22255 113555
22255 114555
22255 133555
22255 134555
22255 144555
22255 333555
22255 334555
22255 344555
22255 444555
22333 111334
22333 111335
22334 111345
22334 111355
22334 112345
22334 112355
22334 113344
22334 113345
22334 113355
22334 123344
22334 123345
22334 123355
22334 133344
22334 133345
22334 133355
22334 233344
22334 233345
22334 233355
22334 333344
22334 333345
22334 333355
22335 113355
22335 123355
22335 133355
22335 233355
22335 333355
22344 112355
22344 113355
22344 114444
22344 123355
22344 124444
22344 133355
22344 134444
22344 144444
22344 233355
22344 234444
22344 244444
22344 333355
22344 334444
22344 344444
22344 444444
22345 112455
22345 113455
22345 114455
22345 123455
22345 124455
22345 133455
22345 134455
22345 144455
22345 233455
22345 234455
22345 244455
22345 333455
22345 334455
22345 344455
22345 444455
22355 114555
22355 115555
22355 124555
22355 125555
22355 134555
22355 135555
22355 144555
22355 145555
22355 155555
22355 234555
22355 235555
22355 244555
22355 245555
22355 255555
22355 334555
22355 335555
22355 344555
22355 345555
22355 355555
22355 444555
22355 445555
22355 455555
22355 555555
22444 111445
22445 114455
22445 124455
22445 134455
22445 144455
22445 234455
22445 244455
22445 334455
22445 344455
22445 444455
22455 115555
22455 125555
22455 135555
22455 145555
22455 155555
22455 235555
22455 245555
22455 255555
22455 335555
22455 345555
22455 355555
22455 445555
22455 455555
22455 555555
23333 113334
23333 113335
23333 123334
23333 123335
23333 223334
23333 223335
23334 111345
23334 111355
23334 112345
23334 112355
23334 113345
23334 113355
23334 122345
23334 122355
23334 123345
23334 123355
23334 133344
23334 133345
23334 133355
23334 223345
23334 223355
23334 233344
23334 233345
23334 233355
23334 333344
23334 333345
23334 333355
23335 133355
23335 233355
23335 333355
23344 114444
23344 124444
23344 134444
23344 144444
23344 224444
23344 234444
23344 244444
23344 334444
23344 344444
23344 444444
23345 112455
23345 113455
23345 114455
23345 122455
23345 124455
23345 133455
23345 134455
23345 144455
23345 223455
23345 224455
23345 233455
23345 234455
23345 244455
23345 333455
23345 334455
23345 344455
23345 444455
23355 114555
23355 115555
23355 124555
23355 125555
23355 134555
23355 135555
23355 144555
23355 145555
23355 155555
23355 224555
23355 225555
23355 234555
23355 235555
23355 244555
23355 245555
23355 255555
23355 334555
23355 335555
23355 344555
23355 345555
23355 355555
23355 444555
23355 445555
23355 455555
23355 555555
23444 111445
23444 112445
23444 113445
23444 114445
23444 122445
23444 123445
23444 124445
23444 133445
23444 134445
23444 223445
23444 224445
23444 233445
23444 234445
23444 333445
23444 334445
23445 114455
23445 144455
23445 224455
23445 244455
23445 334455
23445 344455
23445 444455
23455 115555
23455 125555
23455 135555
23455 145555
23455 155555
23455 225555
23455 235555
23455 245555
23455 255555
23455 335555
23455 345555
23455 355555
23455 445555
23455 455555
23455 555555
24444 114445
24444 124445
24444 134445
24444 224445
