1333 11333
1333 12333
1333 22333
1335 11245
1335 12245
1335 22245
1444 11444
1444 12444
1444 13444
1444 22444
1444 23444
1444 33444
1555 11555
1555 12555
1555 13555
1555 14555
1555 22555
1555 23555
1555 24555
1555 33555
1555 34555
1555 44555
2223 11133
2224 11134
2224 11144
2225 11135
2225 11145
2225 11155
2234 11144
2235 11145
2235 11155
2235 11245
2245 11155
2333 11134
2333 11135
2333 11333
2333 12333
2333 22333
2334 11144
2334 11244
2334 11335
2335 11145
2335 11155
2335 11245
2335 11255
2335 12245
2345 11155
2345 11255
2444 11145
2444 11444
2444 12444
2444 13444
2444 22444
2444 23444
2444 33444
2445 11155
2445 11255
2555 11555
2555 12555
2555 13555
2555 14555
2555 22555
2555 23555
2555 24555
2555 33555
2555 34555
2555 44555
3333 11134
3333 11135
3333 11234
3333 11235
3333 11333
3333 12234
3333 12235
3333 12333
3333 13333
3333 22234
3333 22235
3333 22333
3333 23333
3334 11144
3334 11244
3334 12244
3334 22244
3335 11145
3335 11155
3335 11245
3335 11255
3335 12245
3335 12255
3335 22245
3335 22255
3345 11155
3345 11255
3345 12255
3345 22255
3444 11145
3444 11245
3444 11444
3444 12245
3444 12444
3444 13444
3444 22245
3444 22444
3444 23444
3444 33444
3445 11155
3445 11255
3445 11355
3445 12255
3445 12355
3445 22255
3445 22355
3555 11555
3555 12555
3555 13555
3555 14555
3555 22555
3555 23555
3555 24555
3555 33555
3555 34555
3555 44555
4444 11145
4444 11245
4444 11345
4444 11444
4444 12245
4444 12345
4444 12444
4444 13345
4444 13444
4444 14444
4444 22245
4444 22345
4444 22444
4444 23345
4444 23444
4444 24444
4444 33345
4444 33444
4444 34444
4445 11155
4445 11255
4445 11355
4445 12255
4445 12355
4445 13355
4445 22255
4445 22355
4445 23355
4445 33355
4555 11555
4555 12555
4555 13555
4555 14555
4555 22555
4555 23555
4555 24555
4555 33555
4555 34555
4555 44555
5555 11555
5555 12555
5555 13555
5555 14555
5555 15555
5555 22555
5555 23555
5555 24555
5555 25555
5555 33555
5555 34555
5555 35555
5555 44555
5555 45555
1114 22234
1114 22334
1114 23334
1114 33334
1115 22235
1115 22245
1115 22335
1115 22345
1115 22445
1115 23335
1115 23345
1115 23445
1115 24445
1115 33335
1115 33345
1115 33445
1115 34445
1115 44445
1124 12234
1124 12334
1124 13334
1124 22334
1124 23334
1124 33334
1125 12235
1125 12245
1125 12335
1125 12345
1125 12445
1125 13335
1125 13345
1125 13445
1125 14445
1125 22335
1125 22345
1125 22445
1125 23335
1125 23345
1125 23445
1125 24445
1125 33335
1125 33345
1125 33445
1125 34445
1125 44445
1134 12235
1134 12244
1134 22235
1134 22244
1135 12245
1135 12255
1135 12345
1135 12445
1135 13345
1135 13445
1135 14445
1135 22245
1135 22255
1135 22345
1135 22445
1135 23345
1135 23445
1135 24445
1135 33345
1135 33445
1135 34445
1135 44445
1145 12255
1145 12355
1145 13355
1145 22255
1145 22355
1145 23355
1145 33355
1224 11234
1224 11334
1224 12334
1224 13334
1224 23334
1224 33334
1225 11235
1225 11245
1225 11335
1225 11345
1225 11445
1225 12335
1225 12345
1225 12445
1225 13335
1225 13345
1225 13445
1225 14445
1225 23335
1225 23345
1225 23445
1225 24445
1225 33335
1225 33345
1225 33445
1225 34445
1225 44445
1234 11235
1234 11244
1234 11335
1234 12235
1234 12244
1235 11245
1235 11255
1235 11345
1235 11445
1235 12245
1235 12255
1235 12345
1235 12445
1235 13345
1235 13445
1235 14445
1235 22345
1235 22445
1235 23345
1235 23445
1235 24445
1235 33345
1235 33445
1235 34445
1235 44445
1245 11255
1245 11355
1245 12255
1245 12355
1245 13355
1245 22355
1245 23355
1245 33355
1333 11234
1333 11235
1333 12234
1333 12235
1333 13333
1333 22234
1333 22235
1333 23333
1333 33333
1334 11244
1334 11335
1334 12244
1334 12335
1334 13335
1334 22244
1334 22335
1334 23335
1334 33335
1335 11255
1335 11345
1335 11445
1335 12255
1335 12345
1335 12445
1335 13345
1335 13445
1335 14445
1335 22255
1335 22345
1335 22445
1335 23345
1335 23445
1335 24445
1335 33345
1335 33445
1335 34445
1335 44445
1344 11245
1344 12245
1344 22245
1345 11255
1345 11355
1345 12255
1345 12355
1345 13355
1345 22255
1345 22355
1345 23355
1345 33355
1444 11245
1444 11345
1444 12245
1444 12345
1444 13345
1444 14444
1444 22245
1444 22345
1444 23345
1444 24444
1444 33345
1444 34444
1444 44444
1445 11255
1445 11355
1445 12255
1445 12355
1445 13355
1445 22255
1445 22355
1445 23355
1445 33355
1555 15555
1555 25555
1555 35555
1555 45555
1555 55555
2223 11134
2223 11135
2224 11135
2224 11145
2224 11334
2224 13334
2224 33334
2225 11335
2225 11345
2225 11445
2225 13335
2225 13345
2225 13445
2225 14445
2225 33335
2225 33345
2225 33445
2225 34445
2225 44445
2233 11134
2233 11135
2234 11145
2234 11235
2234 11244
2234 11335
2234 12335
2235 11255
2235 11345
2235 11445
2235 12345
2235 12445
2235 13345
2235 13445
2235 14445
2235 23345
2235 23445
2235 24445
2235 33345
2235 33445
2235 34445
2235 44445
2244 11145
2245 11255
2245 11355
2245 12355
2245 13355
2245 23355
2245 33355
2333 11234
2333 11235
2333 12234
2333 12235
2333 13333
2333 23333
2333 33333
2334 11145
2334 12244
2334 12335
2334 13335
2334 22335
2334 23335
2334 33335
2335 11345
2335 11445
2335 12255
2335 12345
2335 12445
2335 13345
2335 13445
2335 14445
2335 22345
2335 22445
2335 23345
2335 23445
2335 24445
2335 33345
2335 33445
2335 34445
2335 44445
2344 11145
2344 11245
2344 12245
2345 11355
2345 12255
2345 12355
2345 13355
2345 22355
2345 23355
2345 33355
2444 11245
2444 11345
2444 12245
2444 12345
2444 13345
2444 14444
2444 22345
2444 23345
2444 24444
2444 33345
2444 34444
2444 44444
2445 11355
2445 12255
2445 12355
2445 13355
2445 22355
2445 23355
2445 33355
2555 15555
2555 25555
2555 35555
2555 45555
2555 55555
3334 11145
3334 11245
3334 12245
3334 13335
3334 22245
3334 23335
3334 33335
3335 11345
3335 11445
3335 12345
3335 12445
3335 13345
3335 13445
3335 14445
3335 22345
3335 22445
3335 23345
3335 23445
3335 24445
3335 33345
3335 33445
3335 34445
3335 44445
3344 11145
3344 11245
3344 12245
3344 22245
3345 11355
3345 12355
3345 13355
3345 22355
3345 23355
3345 33355
3444 11345
3444 12345
3444 13345
3444 14444
3444 22345
3444 23345
3444 24444
3444 33345
3444 34444
3444 44444
3445 13355
3445 23355
3445 33355
3555 15555
3555 25555
3555 35555
3555 45555
3555 55555
4555 15555
4555 25555
4555 35555
4555 45555
4555 55555
2234 11135
3333 33333
4444 44444
5555 55555
1113 22233
1114 22235
1114 22244
1114 22335
1114 22344
1114 23335
1114 23344
1114 33335
1114 33344
1115 22255
1115 22355
1115 22455
1115 23355
1115 23455
1115 24455
1115 33355
1115 33455
1115 34455
1115 44455
1123 12233
1123 12234
1123 12235
1124 12235
1124 12244
1124 12245
1124 12335
1124 12344
1124 13335
1124 13344
1124 22335
1124 22344
1124 23335
1124 23344
1124 33335
1124 33344
1125 12255
1125 12355
1125 12455
1125 13355
1125 13455
1125 14455
1125 22355
1125 22455
1125 23355
1125 23455
1125 24455
1125 33355
1125 33455
1125 34455
1125 44455
1133 12234
1133 12235
1133 12244
1133 12245
1133 12255
1133 12333
1133 13333
1133 22234
1133 22235
1133 22244
1133 22245
1133 22255
1133 22333
1133 23333
1133 33333
1134 12245
1134 12255
1134 12335
1134 12344
1134 12345
1134 13335
1134 13344
1134 13345
1134 22245
1134 22255
1134 22335
1134 22344
1134 22345
1134 23335
1134 23344
1134 23345
1134 33335
1134 33344
1134 33345
1135 12355
1135 12455
1135 13355
1135 13455
1135 14455
1135 22355
1135 22455
1135 23355
1135 23455
1135 24455
1135 33355
1135 33455
1135 34455
1135 44455
1144 12245
1144 12255
1144 12345
1144 12355
1144 12444
1144 13345
1144 13355
1144 13444
1144 14444
1144 22245
1144 22255
1144 22345
1144 22355
1144 22444
1144 23345
1144 23355
1144 23444
1144 24444
1144 33345
1144 33355
1144 33444
1144 34444
1144 44444
1145 12455
1145 13455
1145 14455
1145 22455
1145 23455
1145 24455
1145 33455
1145 34455
1145 44455
1155 12555
1155 13555
1155 14555
1155 15555
1155 22555
1155 23555
1155 24555
1155 25555
1155 33555
1155 34555
1155 35555
1155 44555
1155 45555
1155 55555
1223 11233
1223 11234
1223 11235
1224 11235
1224 11244
1224 11245
1224 11335
1224 11344
1224 12335
1224 12344
1224 13335
1224 13344
1224 23335
1224 23344
1224 33335
1224 33344
1225 11255
1225 11355
1225 11455
1225 12355
1225 12455
1225 13355
1225 13455
1225 14455
1225 23355
1225 23455
1225 24455
1225 33355
1225 33455
1225 34455
1225 44455
1233 11234
1233 11235
1233 11244
1233 11245
1233 11255
1233 11333
1233 12234
1233 12235
1233 12244
1233 12245
1233 12255
1233 12333
1233 13333
1233 22333
1233 23333
1233 33333
1234 11245
1234 11255
1234 11344
1234 11345
1234 12245
1234 12255
1234 12335
1234 12344
1234 12345
1234 13335
1234 13344
1234 13345
1234 22335
1234 22344
1234 22345
1234 23335
1234 23344
1234 23345
1234 33335
1234 33344
1234 33345
1235 11355
1235 11455
1235 12355
1235 12455
1235 13355
1235 13455
1235 14455
1235 22355
1235 22455
1235 23355
1235 23455
1235 24455
1235 33355
1235 33455
1235 34455
1235 44455
1244 11245
1244 11255
1244 11345
1244 11355
1244 11444
1244 12245
1244 12255
1244 12345
1244 12355
1244 12444
1244 13345
1244 13355
1244 13444
1244 14444
1244 22345
1244 22355
1244 22444
1244 23345
1244 23355
1244 23444
1244 24444
1244 33345
1244 33355
1244 33444
1244 34444
1244 44444
1245 11455
1245 12455
1245 13455
1245 14455
1245 22455
1245 23455
1245 24455
1245 33455
1245 34455
1245 44455
1255 11555
1255 12555
1255 13555
1255 14555
1255 15555
1255 22555
1255 23555
1255 24555
1255 25555
1255 33555
1255 34555
1255 35555
1255 44555
1255 45555
1255 55555
1333 11244
1333 11245
1333 11255
1333 11334
1333 11335
1333 12244
1333 12245
1333 12255
1333 12334
1333 12335
1333 22244
1333 22245
1333 22255
1333 22334
1333 22335
1334 11245
1334 11255
1334 11344
1334 11345
1334 12245
1334 12255
1334 12344
1334 12345
1334 13344
1334 13345
1334 22245
1334 22255
1334 22344
1334 22345
1334 23344
1334 23345
1334 33344
1334 33345
1335 11355
1335 11455
1335 12355
1335 12455
1335 13355
1335 13455
1335 14455
1335 22355
1335 22455
1335 23355
1335 23455
1335 24455
1335 33355
1335 33455
1335 34455
1335 44455
1344 11255
1344 11345
1344 11355
1344 11444
1344 12255
1344 12345
1344 12355
1344 12444
1344 13345
1344 13355
1344 13444
1344 14444
1344 22255
1344 22345
1344 22355
1344 22444
1344 23345
1344 23355
1344 23444
1344 24444
1344 33345
1344 33355
1344 33444
1344 34444
1344 44444
1345 11455
1345 12455
1345 13455
1345 14455
1345 22455
1345 23455
1345 24455
1345 33455
1345 34455
1345 44455
1355 11555
1355 12555
1355 13555
1355 14555
1355 15555
1355 22555
1355 23555
1355 24555
1355 25555
1355 33555
1355 34555
1355 35555
1355 44555
1355 45555
1355 55555
1444 11255
1444 11355
1444 11445
1444 12255
1444 12355
1444 12445
1444 13355
1444 13445
1444 22255
1444 22355
1444 22445
1444 23355
1444 23445
1444 33355
1444 33445
1445 11455
1445 12455
1445 13455
1445 14455
1445 22455
1445 23455
1445 24455
1445 33455
1445 34455
1445 44455
1455 11555
1455 12555
1455 13555
1455 14555
1455 15555
1455 22555
1455 23555
1455 24555
1455 25555
1455 33555
1455 34555
1455 35555
1455 44555
1455 45555
1455 55555
2223 11144
2223 11145
2223 11155
2224 11155
2224 11335
2224 11344
2224 13335
2224 13344
2224 33335
2224 33344
2225 11355
2225 11455
2225 13355
2225 13455
2225 14455
2225 33355
2225 33455
2225 34455
2225 44455
2233 11144
2233 11145
2233 11155
2233 11234
2233 11235
2233 11244
2233 11245
2233 11255
2233 11333
2233 12333
2233 13333
2233 23333
2233 33333
2234 11155
2234 11245
2234 11255
2234 11344
2234 11345
2234 12344
2234 12345
2234 13335
2234 13344
2234 13345
2234 23335
2234 23344
2234 23345
2234 33335
2234 33344
2234 33345
2235 11355
2235 11455
2235 12355
2235 12455
2235 13355
2235 13455
2235 14455
2235 23355
2235 23455
2235 24455
2235 33355
2235 33455
2235 34455
2235 44455
2244 11155
2244 11245
2244 11255
2244 11345
2244 11355
2244 11444
2244 12345
2244 12355
2244 12444
2244 13345
2244 13355
2244 13444
2244 14444
2244 23345
2244 23355
2244 23444
2244 24444
2244 33345
2244 33355
2244 33444
2244 34444
2244 44444
2245 11455
2245 12455
2245 13455
2245 14455
2245 23455
2245 24455
2245 33455
2245 34455
2245 44455
2255 11555
2255 12555
2255 13555
2255 14555
2255 15555
2255 23555
2255 24555
2255 25555
2255 33555
2255 34555
2255 35555
2255 44555
2255 45555
2255 55555
2333 11144
2333 11145
2333 11155
2333 11244
2333 11245
2333 11255
2333 11334
2333 11335
2333 12244
2333 12245
2333 12255
2333 12334
2333 12335
2333 22334
2333 22335
2334 11155
2334 11245
2334 11255
2334 11344
2334 11345
2334 12245
2334 12255
2334 12344
2334 12345
2334 13344
2334 13345
2334 22344
2334 22345
2334 23344
2334 23345
2334 33344
2334 33345
2335 11355
2335 11455
2335 12355
2335 12455
2335 13355
2335 13455
2335 14455
2335 22355
2335 22455
2335 23355
2335 23455
2335 24455
2335 33355
2335 33455
2335 34455
2335 44455
2344 11155
2344 11255
2344 11345
2344 11355
2344 11444
2344 12255
2344 12345
2344 12355
2344 12444
2344 13345
2344 13355
2344 13444
2344 14444
2344 22345
2344 22355
2344 22444
2344 23345
2344 23355
2344 23444
2344 24444
2344 33345
2344 33355
2344 33444
2344 34444
2344 44444
2345 11455
2345 12455
2345 13455
2345 14455
2345 22455
2345 23455
2345 24455
2345 33455
2345 34455
2345 44455
2355 11555
2355 12555
2355 13555
2355 14555
2355 15555
2355 22555
2355 23555
2355 24555
2355 25555
2355 33555
2355 34555
2355 35555
2355 44555
2355 45555
2355 55555
2444 11155
2444 11255
2444 11355
2444 11445
2444 12255
2444 12355
2444 12445
2444 13355
2444 13445
2444 22355
2444 22445
2444 23355
2444 23445
2444 33355
2444 33445
2445 11455
2445 12455
2445 13455
2445 14455
2445 22455
2445 23455
2445 24455
2445 33455
2445 34455
2445 44455
2455 11555
2455 12555
2455 13555
2455 14555
2455 15555
2455 22555
2455 23555
2455 24555
2455 25555
2455 33555
2455 34555
2455 35555
2455 44555
2455 45555
2455 55555
3333 11144
3333 11145
3333 11155
3333 11244
3333 11245
3333 11255
3333 11334
3333 11335
3333 12244
3333 12245
3333 12255
3333 12334
3333 12335
3333 22244
3333 22245
3333 22255
3333 22334
3333 22335
3334 11155
3334 11255
3334 11344
3334 11345
3334 12255
3334 12344
3334 12345
3334 13344
3334 13345
3334 22255
3334 22344
3334 22345
3334 23344
3334 23345
3334 33344
3334 33345
3335 11355
3335 11455
3335 12355
3335 12455
3335 13355
3335 13455
3335 14455
3335 22355
3335 22455
3335 23355
3335 23455
3335 24455
3335 33355
3335 33455
3335 34455
3335 44455
3344 11155
3344 11255
3344 11345
3344 11355
3344 11444
3344 12255
3344 12345
3344 12355
3344 12444
3344 13345
3344 13355
3344 13444
3344 14444
3344 22255
3344 22345
3344 22355
3344 22444
3344 23345
3344 23355
3344 23444
3344 24444
3344 33345
3344 33355
3344 33444
3344 34444
3344 44444
3345 11455
3345 12455
3345 13455
3345 14455
3345 22455
3345 23455
3345 24455
3345 33455
3345 34455
3345 44455
3355 11555
3355 12555
3355 13555
3355 14555
3355 15555
3355 22555
3355 23555
3355 24555
3355 25555
3355 33555
3355 34555
3355 35555
3355 44555
3355 45555
3355 55555
3444 11155
3444 11255
3444 11355
3444 11445
3444 12255
3444 12355
3444 12445
3444 13355
3444 13445
3444 22255
3444 22355
3444 22445
3444 23355
3444 23445
3444 33355
3444 33445
3445 11455
3445 12455
3445 13455
3445 14455
3445 22455
3445 23455
3445 24455
3445 33455
3445 34455
3445 44455
3455 11555
3455 12555
3455 13555
3455 14555
3455 15555
3455 22555
3455 23555
3455 24555
3455 25555
3455 33555
3455 34555
3455 35555
3455 44555
3455 45555
3455 55555
4444 11155
4444 11255
4444 11355
4444 11445
4444 12255
4444 12355
4444 12445
4444 13355
4444 13445
4444 22255
4444 22355
4444 22445
4444 23355
4444 23445
4444 33355
4444 33445
4445 11455
4445 12455
4445 13455
4445 14455
4445 22455
4445 23455
4445 24455
4445 33455
4445 34455
4445 44455
4455 11555
4455 12555
4455 13555
4455 14555
4455 15555
4455 22555
4455 23555
4455 24555
4455 25555
4455 33555
4455 34555
4455 35555
4455 44555
4455 45555
4455 55555
1114 22233
1114 22333
1114 23333
1114 33333
1115 22233
1115 22234
1115 22244
1115 22333
1115 22334
1115 22344
1115 22444
1115 23333
1115 23334
1115 23344
1115 23444
1115 24444
1115 33333
1115 33334
1115 33344
1115 33444
1115 34444
1115 44444
1124 12233
1124 12333
1124 13333
1124 22333
1124 23333
1124 33333
1125 12233
1125 12234
1125 12244
1125 12333
1125 12334
1125 12344
1125 12444
1125 13333
1125 13334
1125 13344
1125 13444
1125 14444
1125 22333
1125 22334
1125 22344
1125 22444
1125 23333
1125 23334
1125 23344
1125 23444
1125 24444
1125 33333
1125 33334
1125 33344
1125 33444
1125 34444
1125 44444
1133 12224
1133 12225
1133 12233
1133 22233
1134 12225
1135 12244
1135 12344
1135 12444
1135 13344
1135 13444
1135 14444
1135 22244
1135 22344
1135 22444
1135 23344
1135 23444
1135 24444
1135 33344
1135 33444
1135 34444
1135 44444
1144 12225
1144 12235
1144 12244
1144 12335
1144 12344
1144 13335
1144 13344
1144 22235
1144 22244
1144 22335
1144 22344
1144 23335
1144 23344
1144 33335
1144 33344
1155 12255
1155 12355
1155 12455
1155 13355
