111224 23335
111224 33335
111233 22333
111234 22344
111234 22345
111234 22355
111234 23344
111234 23345
111234 23355
111234 33344
111234 33345
111234 33355
111235 22355
111235 22455
111235 23355
111235 33355
111244 22345
111244 22355
111244 22444
111244 23345
111244 23355
111244 23444
111244 33345
111244 33355
111244 33444
111245 22455
111245 23455
111245 24455
111245 33455
111245 34455
111245 44455
111255 22555
111255 23555
111255 24555
111255 33555
111255 34555
111255 44555
111333 22334
111333 22335
111334 22345
111334 22355
111334 23345
111334 23355
111334 33345
111334 33355
111335 22455
111344 22355
111344 23355
111344 23444
111344 33355
111344 33444
111345 22455
111345 23455
111345 24455
111345 33455
111345 34455
111345 44455
111355 23555
111355 24555
111355 33555
111355 34555
111355 44555
111444 22445
111444 23445
111444 33445
111455 24555
111455 34555
111455 44555
112224 13335
112224 33335
112233 12333
112234 12344
112234 12345
112234 12355
112234 13344
112234 13345
112234 13355
112234 23344
112234 23345
112234 23355
112234 33344
112234 33345
112234 33355
112235 12355
112235 12455
112235 13355
112235 23355
112235 23455
112235 33355
112244 12345
112244 12355
112244 12444
112244 13345
112244 13355
112244 13444
112244 23345
112244 23355
112244 23444
112244 33345
112244 33355
112244 33444
112245 12455
112245 13455
112245 14455
112245 23455
112245 24455
112245 33455
112245 34455
112245 44455
112255 12555
112255 13555
112255 14555
112255 23555
112255 24555
112255 33555
112255 34555
112255 44555
112333 12334
112333 12335
112333 22334
112333 22335
112334 12345
112334 12355
112334 13345
112334 13355
112334 22345
112334 22355
112334 23345
112334 23355
112334 33345
112334 33355
112335 12455
112335 13455
112335 22455
112344 12355
112344 13355
112344 13444
112344 22355
112344 23355
112344 23444
112344 33355
112344 33444
112345 12455
112345 13455
112345 14455
112345 22455
112345 23455
112345 24455
112345 33455
112345 34455
112345 44455
112355 13555
112355 14555
112355 23555
112355 24555
112355 33555
112355 34555
112355 44555
112444 12445
112444 13445
112444 22445
112444 23445
112444 33445
112455 14555
112455 24555
112455 34555
112455 44555
113333 12334
113333 12335
113333 13334
113333 13335
113333 22334
113333 22335
113333 23334
113333 23335
113334 12355
113334 13345
113334 13355
113334 22355
113334 23345
113334 23355
113334 33345
113334 33355
113335 12455
113335 13455
113335 22455
113335 23455
113344 13444
113344 23444
113344 33444
113345 13455
113345 14455
113345 23455
113345 24455
113345 33455
113345 34455
113345 44455
113355 13555
113355 14555
113355 23555
113355 24555
113355 33555
113355 34555
113355 44555
113444 12445
113444 13445
113444 22445
113444 23445
113444 33445
113455 14555
113455 24555
113455 34555
113455 44555
114444 12445
114444 13445
114444 14445
114444 22445
114444 23445
114444 24445
114444 33445
114444 34445
114455 14555
114455 24555
114455 34555
114455 44555
122234 11345
122234 11355
122234 13344
122234 13345
122234 13355
122234 33344
122234 33345
122234 33355
122235 11455
122235 13355
122235 33355
122244 11355
122244 13345
122244 13355
122244 13444
122244 33345
122244 33355
122244 33444
122245 13455
122245 14455
122245 33455
122245 34455
122245 44455
122255 13555
122255 14555
122255 33555
122255 34555
122255 44555
122333 11334
122333 11335
122333 12334
122333 12335
122334 11355
122334 12345
122334 12355
122334 13345
122334 13355
122334 23345
122334 23355
122334 33345
122334 33355
122335 11455
122335 12455
122335 13455
122344 11355
122344 12355
122344 13355
122344 13444
122344 23355
122344 23444
122344 33355
122344 33444
122345 12455
122345 13455
122345 14455
122345 23455
122345 24455
122345 33455
122345 34455
122345 44455
122355 13555
122355 14555
122355 23555
122355 24555
122355 33555
122355 34555
122355 44555
122444 11445
122444 12445
122444 13445
122444 23445
122444 33445
122455 14555
122455 24555
122455 34555
122455 44555
123333 11334
123333 11335
123333 12334
123333 12335
123333 13334
123333 13335
123333 22334
123333 22335
123333 23334
123333 23335
123334 11355
123334 12355
123334 13345
123334 13355
123334 22355
123334 23345
123334 23355
123334 33345
123334 33355
123335 11455
123335 12455
123335 13455
123335 22455
123335 23455
123344 13444
123344 23444
123344 33444
123345 13455
123345 14455
123345 23455
123345 23555
123345 24455
123345 33455
123345 34455
123345 44455
123355 13555
123355 14555
123355 23555
123355 24555
123355 33555
123355 34555
123355 44555
123444 11445
123444 12445
123444 13445
123444 22445
123444 23445
123444 33445
123445 23555
123455 14555
123455 24555
123455 34555
123455 44555
124444 11445
124444 12445
124444 13445
124444 14445
124444 22445
124444 23445
124444 24445
124444 33445
124444 34445
124455 14555
124455 24555
124455 34555
124455 44555
133333 11334
133333 11335
133333 12334
133333 12335
133333 13334
133333 13335
133333 22334
133333 22335
133333 23334
133333 23335
133334 11355
133334 12355
133334 13345
133334 13355
133334 22355
133334 23345
133334 23355
133334 33345
133334 33355
133335 11455
133335 12455
133335 13455
133335 22455
133335 23455
133344 13444
133344 23444
133344 33444
133345 13455
133345 14455
133345 23455
133345 24455
133345 33455
133345 34455
133345 44455
133355 13555
133355 14555
133355 23555
133355 24555
133355 33555
133355 34555
133355 44555
133444 11445
133444 12445
133444 13445
133444 22445
133444 23445
133444 33445
133455 14555
133455 24555
133455 34555
133455 44555
134444 11445
134444 12445
134444 13445
134444 14445
134444 22445
134444 23445
134444 24445
134444 33445
134444 34445
134455 14555
134455 24555
134455 34555
134455 44555
144444 11445
144444 12445
144444 13445
144444 14445
144444 22445
144444 23445
144444 24445
144444 33445
144444 34445
144455 14555
144455 24555
144455 34555
144455 44555
222333 11334
222333 11335
222334 11355
222334 13345
222334 13355
222334 33345
222334 33355
222335 11455
222335 13455
222344 11355
222344 13355
222344 13444
222344 33355
222344 33444
222345 13455
222345 14455
222345 33455
222345 34455
222345 44455
222355 13555
222355 14555
222355 33555
222355 34555
222355 44555
222444 11445
222444 13445
222444 33445
222455 14555
222455 34555
222455 44555
223333 11334
223333 11335
223333 12334
223333 12335
223333 13334
223333 13335
223333 23334
223333 23335
223334 11355
223334 12355
223334 13345
223334 13355
223334 23345
223334 23355
223334 33345
223334 33355
223335 11455
223335 12455
223335 13455
223335 23455
223344 13444
223344 23444
223344 33444
223345 13455
223345 14455
223345 23455
223345 24455
223345 33455
223345 34455
223345 44455
223355 13555
223355 14555
223355 23555
223355 24555
223355 33555
223355 34555
223355 44555
223444 11445
223444 12445
223444 13445
223444 23445
223444 33445
223455 14555
223455 24555
223455 34555
223455 44555
224444 11445
224444 12445
224444 13445
224444 14445
224444 23445
224444 24445
224444 33445
224444 34445
224455 14555
224455 24555
224455 34555
224455 44555
233333 11334
233333 11335
233333 12334
233333 12335
233333 13334
233333 13335
233333 22334
233333 22335
233333 23334
233333 23335
233334 11355
233334 12355
233334 13345
233334 13355
233334 22355
233334 23345
233334 23355
233334 33345
233334 33355
233335 11455
233335 12455
233335 13455
233335 22455
233335 23455
233344 13444
233344 23444
233344 33444
233345 13455
233345 14455
233345 23455
233345 24455
233345 33455
233345 34455
233345 44455
233355 13555
233355 14555
233355 23555
233355 24555
233355 33555
233355 34555
233355 44555
233444 11445
233444 12445
233444 13445
233444 22445
233444 23445
233444 33445
233455 14555
233455 24555
233455 34555
233455 44555
234444 11445
234444 12445
234444 13445
234444 14445
234444 22445
234444 23445
234444 24445
234444 33445
234444 34445
234455 14555
234455 24555
234455 34555
234455 44555
244444 11445
244444 12445
244444 13445
244444 14445
244444 22445
244444 23445
244444 24445
244444 33445
244444 34445
244455 14555
244455 24555
244455 34555
244455 44555
333333 11334
333333 11335
333333 12334
333333 12335
333333 13334
333333 13335
333333 22334
333333 22335
333333 23334
333333 23335
333334 11355
333334 12355
333334 13345
333334 13355
333334 22355
333334 23345
333334 23355
333334 33345
333334 33355
333335 11455
333335 12455
333335 13455
333335 22455
333335 23455
333344 13444
333344 23444
333344 33444
333345 13455
333345 14455
333345 23455
333345 24455
333345 33455
333345 34455
333345 44455
333355 13555
333355 14555
333355 23555
333355 24555
333355 33555
333355 34555
333355 44555
333444 11445
333444 12445
333444 13445
333444 22445
333444 23445
333444 33445
333455 14555
333455 24555
333455 34555
333455 44555
334444 11445
334444 12445
334444 13445
334444 14445
334444 22445
334444 23445
334444 24445
334444 33445
334444 34445
334455 14555
334455 24555
334455 34555
334455 44555
344444 11445
344444 12445
344444 13445
344444 14445
344444 22445
344444 23445
344444 24445
344444 33445
344444 34445
344455 14555
344455 24555
344455 34555
344455 44555
444444 11445
444444 12445
444444 13445
444444 14445
444444 22445
444444 23445
444444 24445
444444 33445
444444 34445
444455 14555
444455 24555
444455 34555
444455 44555
111224 23344
111224 23345
111224 23355
111224 33344
111224 33345
111224 33355
111225 23355
111225 23455
111225 24455
111225 33355
111225 33455
111225 34455
111225 44455
111233 23333
111233 33333
111234 22444
111235 22555
111235 23455
111235 24455
111235 33455
111235 34455
111235 44455
111244 24444
111244 34444
111244 44444
111245 22555
111245 23555
111245 33555
111255 25555
111255 35555
111255 45555
111255 55555
111333 23334
111333 23335
111334 22444
111335 22555
111335 23455
111335 24455
111335 33455
111335 34455
111335 44455
111344 22445
111344 24444
111344 34444
111344 44444
111345 22555
111345 23555
111345 33555
111355 25555
111355 35555
111355 45555
111355 55555
111444 24445
111444 34445
111445 22555
111445 23555
111445 33555
111455 25555
111455 35555
111455 45555
111455 55555
112224 13344
112224 13345
112224 13355
112224 33344
112224 33345
112224 33355
112225 13355
112225 13455
112225 14455
112225 33355
112225 33455
112225 34455
112225 44455
112233 13333
112233 23333
112233 33333
112234 12444
112235 12555
112235 13455
112235 14455
112235 24455
112235 33455
112235 34455
112235 44455
112244 14444
112244 24444
112244 34444
112244 44444
112245 12555
112245 13555
112245 23555
112245 33555
112255 15555
112255 25555
112255 35555
112255 45555
112255 55555
112333 13334
112333 13335
112333 23334
112333 23335
112334 12444
112334 22444
112335 12555
112335 14455
112335 22555
112335 23455
112335 24455
112335 33455
112335 34455
112335 44455
112344 12445
112344 14444
112344 22445
112344 24444
112344 34444
112344 44444
112345 12555
112345 13555
112345 22555
112345 23555
112345 33555
112355 15555
112355 25555
112355 35555
112355 45555
112355 55555
112444 14445
112444 24445
112444 34445
112445 12555
112445 13555
112445 22555
112445 23555
112445 33555
112455 15555
112455 25555
112455 35555
112455 45555
112455 55555
113334 12444
113334 22444
113335 12555
113335 14455
113335 22555
113335 24455
113335 33455
113335 34455
113335 44455
113344 12445
113344 14444
113344 22445
113344 24444
113344 34444
113344 44444
113345 12555
113345 13555
113345 22555
113345 23555
113345 33555
113355 15555
113355 25555
113355 35555
113355 45555
113355 55555
113444 14445
113444 24445
113444 34445
113445 12555
113445 13555
113445 22555
113445 23555
113445 33555
113455 15555
113455 25555
113455 35555
113455 45555
113455 55555
114445 12555
114445 13555
114445 22555
114445 23555
114445 33555
114455 15555
114455 25555
114455 35555
114455 45555
114455 55555
122233 11334
122233 11335
122233 13333
122233 33333
122234 11444
122235 11555
122235 13455
122235 14455
122235 33455
122235 34455
122235 44455
122244 11445
122244 14444
122244 34444
122244 44444
122245 11555
122245 13555
122245 33555
122255 15555
122255 35555
122255 45555
122255 55555
122333 13334
122333 13335
122333 23334
122333 23335
122334 11444
122334 12444
122335 11555
122335 12555
122335 14455
122335 23455
122335 24455
122335 33455
122335 34455
122335 44455
122344 11445
122344 12445
122344 14444
122344 24444
122344 34444
122344 44444
122345 11555
122345 12555
122345 13555
122345 23555
122345 33555
122355 15555
122355 25555
122355 35555
122355 45555
122355 55555
122444 14445
122444 24445
122444 34445
122445 11555
122445 12555
122445 13555
122445 23555
122445 33555
122455 15555
122455 25555
122455 35555
122455 45555
122455 55555
123334 11444
123334 12444
123334 22444
123335 11555
123335 12555
123335 14455
123335 22555
123335 24455
123335 33455
123335 34455
123335 44455
123344 11445
123344 12445
123344 14444
123344 22445
123344 24444
123344 34444
123344 44444
123345 11555
123345 12555
123345 13555
123345 22555
123345 33555
123355 15555
123355 25555
123355 35555
123355 45555
123355 55555
123444 14445
123444 24445
123444 34445
123445 11555
123445 12555
123445 13555
123445 22555
123445 33555
123455 15555
123455 25555
123455 35555
123455 45555
123455 55555
124445 11555
124445 12555
124445 13555
124445 22555
124445 23555
124445 33555
124455 15555
124455 25555
124455 35555
124455 45555
124455 55555
133334 11444
133334 12444
133334 22444
133335 11555
133335 12555
133335 14455
133335 22555
133335 24455
133335 33455
133335 34455
133335 44455
133344 11445
133344 12445
133344 14444
133344 22445
133344 24444
133344 34444
133344 44444
133345 11555
133345 12555
133345 13555
133345 22555
133345 23555
133345 33555
133355 15555
133355 25555
133355 35555
133355 45555
133355 55555
133444 14445
133444 24445
133444 34445
133445 11555
133445 12555
133445 13555
133445 22555
133445 23555
133445 33555
133455 15555
133455 25555
133455 35555
133455 45555
133455 55555
134445 11555
134445 12555
134445 13555
134445 22555
134445 23555
134445 33555
134455 15555
134455 25555
134455 35555
134455 45555
134455 55555
144445 11555
144445 12555
144445 13555
144445 22555
144445 23555
144445 33555
144455 15555
144455 25555
144455 35555
144455 45555
144455 55555
222333 13334
222333 13335
222334 11444
222335 11555
222335 14455
222335 33455
222335 34455
222335 44455
222344 11445
222344 14444
222344 34444
222344 44444
222345 11555
222345 13555
222345 33555
222355 15555
222355 35555
222355 45555
222355 55555
222444 14445
222444 34445
222445 11555
222445 13555
222445 33555
222455 15555
222455 35555
222455 45555
222455 55555
223334 11444
223334 12444
223335 11555
223335 12555
223335 14455
223335 24455
223335 33455
223335 34455
223335 44455
223344 11445
223344 12445
223344 14444
223344 24444
223344 34444
223344 44444
223345 11555
223345 12555
223345 13555
223345 23555
223345 33555
223355 15555
223355 25555
223355 35555
223355 45555
223355 55555
223444 14445
223444 24445
223444 34445
223445 11555
223445 12555
223445 13555
223445 23555
223445 33555
223455 15555
223455 25555
223455 35555
223455 45555
223455 55555
224445 11555
224445 12555
224445 13555
224445 23555
224445 33555
224455 15555
224455 25555
224455 35555
224455 45555
224455 55555
233334 11444
233334 12444
233334 22444
233335 11555
233335 12555
233335 14455
233335 22555
233335 24455
233335 33455
233335 34455
233335 44455
233344 11445
233344 12445
233344 14444
233344 22445
233344 24444
233344 34444
233344 44444
233345 11555
233345 12555
233345 13555
233345 22555
233345 23555
233345 33555
233355 15555
233355 25555
233355 35555
233355 45555
233355 55555
233444 14445
233444 24445
233444 34445
233445 11555
233445 12555
233445 13555
233445 22555
233445 23555
233445 33555
233455 15555
233455 25555
233455 35555
233455 45555
233455 55555
234445 11555
234445 12555
234445 13555
234445 22555
234445 23555
234445 33555
234455 15555
234455 25555
234455 35555
234455 45555
234455 55555
244445 11555
244445 12555
244445 13555
244445 22555
244445 23555
244445 33555
244455 15555
244455 25555
244455 35555
244455 45555
244455 55555
333334 11444
333334 12444
333334 22444
333335 11555
333335 12555
333335 14455
333335 22555
333335 24455
333335 33455
333335 34455
333335 44455
333344 11445
333344 12445
333344 14444
333344 22445
333344 24444
333344 34444
333344 44444
333345 11555
333345 12555
333345 13555
333345 22555
333345 23555
333345 33555
333355 15555
333355 25555
333355 35555
333355 45555
333355 55555
333444 14445
333444 24445
333444 34445
333445 11555
333445 12555
333445 13555
333445 22555
333445 23555
333445 33555
333455 15555
333455 25555
333455 35555
333455 45555
333455 55555
334445 11555
334445 12555
334445 13555
334445 22555
334445 23555
334445 33555
334455 15555
334455 25555
334455 35555
334455 45555
334455 55555
344445 11555
344445 12555
344445 13555
344445 22555
344445 23555
344445 33555
344455 15555
344455 25555
344455 35555
344455 45555
344455 55555
444445 11555
444445 12555
444445 13555
444445 22555
444445 23555
444445 33555
444455 15555
444455 25555
444455 35555
444455 45555
444455 55555
111234 22335
111234 23335
111234 33335
111245 22355
111245 23355
111245 33355
111333 22244
111333 22245
111333 22255
111334 22245
111334 22255
111334 22344
111334 23344
111334 33344
111335 22355
111335 23355
111335 33355
111344 22255
111344 22345
111344 23345
111344 33345
111345 23355
111345 33355
111444 22255
111444 22355
111444 23355
111444 33355
111445 22455
111445 23455
111445 24455
111445 33455
111445 34455
111445 44455
112234 12335
112234 13335
112234 23335
112234 33335
112245 12355
112245 13355
112245 23355
112245 33355
112333 12244
112333 12245
112333 12255
112334 12245
112334 12255
112334 12344
112334 13344
112334 22344
112334 23344
112334 33344
112335 12355
112335 13355
112335 22355
112335 23355
112335 33355
112344 12255
112344 12345
112344 13345
112344 22345
112344 23345
112344 33345
112345 13355
112345 23355
112345 33355
112444 12255
112444 12355
112444 13355
112444 22355
112444 23355
112444 33355
112445 12455
112445 13455
112445 14455
112445 22455
112445 23455
112445 24455
112445 33455
112445 34455
112445 44455
113333 12244
113333 12245
113333 12255
113333 22244
113333 22245
113333 22255
113334 12245
113334 12255
113334 12344
113334 12345
113334 13344
113334 22245
113334 22255
113334 22344
113334 22345
113334 23344
113334 33344
113335 12355
113335 13355
113335 22355
113335 23355
113335 33355
113344 12255
113344 12355
113344 13355
113344 22255
113344 22355
113344 23355
113344 33355
113345 12455
113345 22455
113444 12255
113444 12355
113444 13355
113444 22255
113444 22355
113444 23355
113444 33355
113445 12455
113445 13455
113445 14455
113445 22455
113445 23455
113445 24455
113445 33455
113445 34455
113445 44455
114444 12255
114444 12355
114444 13355
114444 22255
114444 22355
114444 23355
114444 33355
114445 12455
114445 13455
114445 14455
114445 22455
114445 23455
114445 24455
114445 33455
114445 34455
114445 44455
122234 11344
122234 13335
122234 33335
122235 11355
122244 11345
122245 11455
122245 13355
122245 33355
122333 11244
122333 11245
122333 11255
122334 11245
122334 11255
122334 11344
122334 11345
122334 12344
122334 13344
122334 23344
122334 33344
122335 11355
122335 12355
122335 13355
122335 23355
122335 33355
122344 11255
122344 12345
122344 13345
122344 23345
122344 33345
122345 11455
122345 13355
122345 23355
122345 33355
122444 11255
122444 11355
122444 12355
122444 13355
122444 23355
122444 33355
122445 11455
122445 12455
122445 13455
122445 14455
122445 23455
122445 24455
122445 33455
122445 34455
122445 44455
123333 11244
123333 11245
123333 11255
123333 12244
123333 12245
123333 12255
123334 11245
123334 11255
123334 11344
123334 11345
123334 12245
123334 12255
123334 12344
123334 12345
123334 13344
123334 22344
123334 22345
123334 23344
123334 33344
123335 11355
123335 12355
123335 13355
